# Histogrammed data for fix 13
# TimeStep Number-of-bins Total-counts Missing-counts Min-value Max-value
# Bin Coord Count Count/Total
500000 30 183848 61152 -10.7254 24.1788
1 0.5 8715 0.0474033
2 1.5 7421 0.0403649
3 2.5 7177 0.0390377
4 3.5 13621 0.0740884
5 4.5 9281 0.0504819
6 5.5 8514 0.04631
7 6.5 11070 0.0602128
8 7.5 9739 0.0529731
9 8.5 8983 0.048861
10 9.5 12554 0.0682847
11 10.5 7863 0.042769
12 11.5 10050 0.0546647
13 12.5 11662 0.0634328
14 13.5 10946 0.0595383
15 14.5 6906 0.0375636
16 15.5 8828 0.0480179
17 16.5 5405 0.0293993
18 17.5 5499 0.0299106
19 18.5 6088 0.0331143
20 19.5 1866 0.0101497
21 20.5 6611 0.0359591
22 21.5 938 0.00510204
23 22.5 97 0.00052761
24 23.5 3897 0.0211969
25 24.5 117 0.000636395
26 25.5 0 0
27 26.5 0 0
28 27.5 0 0
29 28.5 0 0
30 29.5 0 0
1000000 30 184336 60664 -10.7593 24.1148
1 0.5 9021 0.0489378
2 1.5 8938 0.0484875
3 2.5 5908 0.0320502
4 3.5 13829 0.0750206
5 4.5 10089 0.0547316
6 5.5 7569 0.0410609
7 6.5 10819 0.0586917
8 7.5 10524 0.0570914
9 8.5 8221 0.0445979
10 9.5 13519 0.0733389
11 10.5 6702 0.0363575
12 11.5 10427 0.0565652
13 12.5 12097 0.0656247
14 13.5 10871 0.0589738
15 14.5 6908 0.037475
16 15.5 8652 0.046936
17 16.5 4274 0.0231859
18 17.5 6435 0.0349091
19 18.5 5993 0.0325113
20 19.5 1620 0.0087883
21 20.5 6728 0.0364986
22 21.5 887 0.00481187
23 22.5 75 0.000406866
24 23.5 4196 0.0227628
25 24.5 34 0.000184446
26 25.5 0 0
27 26.5 0 0
28 27.5 0 0
29 28.5 0 0
30 29.5 0 0
1500000 30 184758 60242 -10.7683 24.1565
1 0.5 8166 0.0441984
2 1.5 9639 0.0521709
3 2.5 5920 0.0320419
4 3.5 13502 0.0730794
5 4.5 9549 0.0516838
6 5.5 8794 0.0475974
7 6.5 11211 0.0606794
8 7.5 10402 0.0563007
9 8.5 8301 0.044929
10 9.5 11663 0.0631258
11 10.5 8327 0.0450698
12 11.5 11000 0.0595373
13 12.5 12611 0.0682569
14 13.5 10377 0.0561654
15 14.5 6909 0.0373949
16 15.5 8970 0.04855
17 16.5 3463 0.0187434
18 17.5 7106 0.0384611
19 18.5 5822 0.0315115
20 19.5 1275 0.00690092
21 20.5 7103 0.0384449
22 21.5 514 0.00278202
23 22.5 53 0.000286862
24 23.5 4064 0.0219963
25 24.5 17 9.20123e-05
26 25.5 0 0
27 26.5 0 0
28 27.5 0 0
29 28.5 0 0
30 29.5 0 0
2000000 30 186244 58756 -10.7103 23.9741
1 0.5 7495 0.0402429
2 1.5 10040 0.0539078
3 2.5 5109 0.0274318
4 3.5 13041 0.070021
5 4.5 12034 0.0646142
6 5.5 8346 0.0448122
7 6.5 9988 0.0536286
8 7.5 12174 0.0653659
9 8.5 8058 0.0432658
10 9.5 11955 0.06419
11 10.5 7630 0.0409678
12 11.5 11277 0.0605496
13 12.5 12224 0.0656343
14 13.5 10261 0.0550944
15 14.5 7119 0.0382241
16 15.5 8383 0.0450108
17 16.5 4794 0.0257404
18 17.5 7355 0.0394912
19 18.5 5677 0.0304815
20 19.5 1001 0.00537467
21 20.5 7128 0.0382724
22 21.5 782 0.00419879
23 22.5 87 0.000467129
24 23.5 4286 0.0230128
25 24.5 0 0
26 25.5 0 0
27 26.5 0 0
28 27.5 0 0
29 28.5 0 0
30 29.5 0 0
2500000 30 183335 61665 -10.6121 24.0911
1 0.5 6873 0.0374888
2 1.5 9245 0.0504268
3 2.5 5305 0.0289361
4 3.5 13724 0.0748575
5 4.5 10726 0.0585049
6 5.5 7887 0.0430196
7 6.5 10166 0.0554504
8 7.5 12366 0.0674503
9 8.5 6489 0.0353942
10 9.5 12260 0.0668721
11 10.5 7944 0.0433305
12 11.5 10863 0.0592522
13 12.5 12558 0.0684976
14 13.5 8865 0.0483541
15 14.5 7917 0.0431832
16 15.5 9215 0.0502632
17 16.5 4169 0.0227398
18 17.5 7080 0.0386178
19 18.5 5805 0.0316633
20 19.5 1186 0.00646903
21 20.5 6910 0.0376906
22 21.5 1019 0.00555813
23 22.5 450 0.00245452
24 23.5 4304 0.0234762
25 24.5 9 4.90905e-05
26 25.5 0 0
27 26.5 0 0
28 27.5 0 0
29 28.5 0 0
30 29.5 0 0
3000000 30 182526 62474 -10.6081 24.114
1 0.5 5238 0.0286973
2 1.5 8938 0.0489684
3 2.5 7059 0.0386739
4 3.5 13528 0.0741155
5 4.5 8747 0.0479219
6 5.5 9947 0.0544963
7 6.5 10512 0.0575918
8 7.5 9800 0.053691
9 8.5 8817 0.0483054
10 9.5 10827 0.0593176
11 10.5 9315 0.0510338
12 11.5 10181 0.0557784
13 12.5 11154 0.0611091
14 13.5 9584 0.0525076
15 14.5 8189 0.0448648
16 15.5 8646 0.0473686
17 16.5 6151 0.0336993
18 17.5 5303 0.0290534
19 18.5 6489 0.0355511
20 19.5 1203 0.00659084
21 20.5 6854 0.0375508
22 21.5 1072 0.00587314
23 22.5 470 0.00257498
24 23.5 4474 0.0245116
25 24.5 28 0.000153403
26 25.5 0 0
27 26.5 0 0
28 27.5 0 0
29 28.5 0 0
30 29.5 0 0
3500000 30 182545 62455 -10.8624 24.1265
1 0.5 5185 0.028404
2 1.5 9497 0.0520255
3 2.5 8265 0.0452765
4 3.5 11897 0.065173
5 4.5 9252 0.0506834
6 5.5 9351 0.0512257
7 6.5 10828 0.0593169
8 7.5 9889 0.0541729
9 8.5 8775 0.0480703
10 9.5 10755 0.058917
11 10.5 10095 0.0553014
12 11.5 9182 0.0502999
13 12.5 11819 0.0647457
14 13.5 8490 0.0465091
15 14.5 7299 0.0399847
16 15.5 9681 0.0530335
17 16.5 6223 0.0340902
18 17.5 4777 0.0261689
19 18.5 6231 0.034134
20 19.5 1759 0.00963598
21 20.5 6949 0.0380673
22 21.5 1089 0.00596565
23 22.5 402 0.0022022
24 23.5 4814 0.0263716
25 24.5 41 0.000224602
26 25.5 0 0
27 26.5 0 0
28 27.5 0 0
29 28.5 0 0
30 29.5 0 0
4000000 30 182682 62318 -10.9086 24.0112
1 0.5 5555 0.030408
2 1.5 9144 0.0500542
3 2.5 9895 0.0541652
4 3.5 11141 0.0609858
5 4.5 9151 0.0500925
6 5.5 9270 0.0507439
7 6.5 10672 0.0584185
8 7.5 10802 0.0591301
9 8.5 7749 0.042418
10 9.5 10965 0.0600223
11 10.5 9711 0.0531579
12 11.5 8154 0.0446349
13 12.5 12585 0.0688902
14 13.5 8159 0.0446623
15 14.5 7432 0.0406827
16 15.5 9553 0.0522931
17 16.5 6069 0.0332217
18 17.5 4591 0.0251311
19 18.5 6223 0.0340647
20 19.5 1741 0.00953022
21 20.5 7048 0.0385807
22 21.5 1269 0.0069465
23 22.5 436 0.00238666
24 23.5 5364 0.0293625
25 24.5 3 1.6422e-05
26 25.5 0 0
27 26.5 0 0
28 27.5 0 0
29 28.5 0 0
30 29.5 0 0
4500000 30 181398 63602 -10.9624 23.9539
1 0.5 5678 0.0313013
2 1.5 9451 0.0521009
3 2.5 9301 0.051274
4 3.5 10431 0.0575034
5 4.5 10976 0.0605078
6 5.5 8542 0.0470898
7 6.5 11377 0.0627184
8 7.5 10559 0.058209
9 8.5 7007 0.0386278
10 9.5 12637 0.0696645
11 10.5 8967 0.0494327
12 11.5 6922 0.0381592
13 12.5 14434 0.0795709
14 13.5 6791 0.037437
15 14.5 7649 0.0421669
16 15.5 8969 0.0494438
17 16.5 4745 0.026158
18 17.5 5995 0.0330489
19 18.5 6069 0.0334568
20 19.5 1877 0.0103474
21 20.5 6244 0.0344215
22 21.5 1024 0.00564505
23 22.5 304 0.00167587
24 23.5 5449 0.0300389
25 24.5 0 0
26 25.5 0 0
27 26.5 0 0
28 27.5 0 0
29 28.5 0 0
30 29.5 0 0
5000000 30 182640 62360 -10.9882 23.9651
1 0.5 5582 0.0305629
2 1.5 10205 0.0558749
3 2.5 9804 0.0536794
4 3.5 9660 0.0528909
5 4.5 11506 0.0629982
6 5.5 8864 0.0485326
7 6.5 11097 0.0607589
8 7.5 10664 0.0583881
9 8.5 7331 0.0401391
10 9.5 12309 0.0673949
11 10.5 9731 0.0532797
12 11.5 5618 0.03076
13 12.5 14864 0.0813841
14 13.5 6633 0.0363173
15 14.5 7162 0.0392138
16 15.5 9010 0.049332
17 16.5 4943 0.0270642
18 17.5 6055 0.0331527
19 18.5 6129 0.0335578
20 19.5 1777 0.00972952
21 20.5 6218 0.0340451
22 21.5 1083 0.0059297
23 22.5 339 0.00185611
24 23.5 6056 0.0331581
25 24.5 0 0
26 25.5 0 0
27 26.5 0 0
28 27.5 0 0
29 28.5 0 0
30 29.5 0 0
5500000 30 183548 61452 -11.0638 23.8826
1 0.5 5257 0.028641
2 1.5 11500 0.0626539
3 2.5 10599 0.0577451
4 3.5 8542 0.0465382
5 4.5 11973 0.0652309
6 5.5 9739 0.0530597
7 6.5 10066 0.0548412
8 7.5 10611 0.0578105
9 8.5 8387 0.0456938
10 9.5 11167 0.0608397
11 10.5 9758 0.0531632
12 11.5 5057 0.0275514
13 12.5 15193 0.082774
14 13.5 6651 0.0362358
15 14.5 6632 0.0361322
16 15.5 9142 0.0498071
17 16.5 4803 0.0261675
18 17.5 6022 0.0328089
19 18.5 6433 0.0350481
20 19.5 1495 0.00814501
21 20.5 6724 0.0366335
22 21.5 1090 0.0059385
23 22.5 227 0.00123673
24 23.5 6480 0.0353041
25 24.5 0 0
26 25.5 0 0
27 26.5 0 0
28 27.5 0 0
29 28.5 0 0
30 29.5 0 0
6000000 30 185687 59313 -11.2384 23.7762
1 0.5 5140 0.027681
2 1.5 11815 0.0636286
3 2.5 12351 0.0665152
4 3.5 8040 0.0432987
5 4.5 13099 0.0705434
6 5.5 10440 0.0562236
7 6.5 9128 0.049158
8 7.5 10745 0.0578662
9 8.5 9971 0.0536979
10 9.5 9789 0.0527177
11 10.5 8760 0.0471762
12 11.5 7036 0.0378917
13 12.5 13380 0.0720567
14 13.5 6427 0.034612
15 14.5 6409 0.0345151
16 15.5 9264 0.0498904
17 16.5 5938 0.0319785
18 17.5 5188 0.0279395
19 18.5 6331 0.034095
20 19.5 921 0.00495996
21 20.5 7213 0.0388449
22 21.5 1627 0.00876206
23 22.5 76 0.000409291
24 23.5 6599 0.0355383
25 24.5 0 0
26 25.5 0 0
27 26.5 0 0
28 27.5 0 0
29 28.5 0 0
30 29.5 0 0
6500000 30 186184 58816 -11.159 23.7185
1 0.5 5226 0.028069
2 1.5 12045 0.0646941
3 2.5 12491 0.0670895
4 3.5 8030 0.0431294
5 4.5 12881 0.0691842
6 5.5 10882 0.0584476
7 6.5 9049 0.0486025
8 7.5 10310 0.0553753
9 8.5 10398 0.055848
10 9.5 9582 0.0514652
11 10.5 8792 0.0472221
12 11.5 6987 0.0375274
13 12.5 12803 0.0687653
14 13.5 7020 0.0377046
15 14.5 6451 0.0346485
16 15.5 8914 0.0478774
17 16.5 5765 0.030964
18 17.5 5810 0.0312057
19 18.5 6054 0.0325162
20 19.5 1154 0.00619817
21 20.5 7219 0.0387735
22 21.5 1301 0.00698771
23 22.5 106 0.000569329
24 23.5 6914 0.0371353
25 24.5 0 0
26 25.5 0 0
27 26.5 0 0
28 27.5 0 0
29 28.5 0 0
30 29.5 0 0
7000000 30 187885 57115 -11.3661 23.639
1 0.5 5459 0.029055
2 1.5 12258 0.065242
3 2.5 12259 0.0652474
4 3.5 8132 0.0432818
5 4.5 12996 0.06917
6 5.5 11830 0.062964
7 6.5 7929 0.0422013
8 7.5 11450 0.0609415
9 8.5 9891 0.0526439
10 9.5 8989 0.0478431
11 10.5 10559 0.0561993
12 11.5 7717 0.041073
13 12.5 11485 0.0611278
14 13.5 8666 0.046124
15 14.5 5840 0.0310828
16 15.5 8106 0.0431434
17 16.5 5868 0.0312319
18 17.5 5908 0.0314448
19 18.5 5499 0.0292679
20 19.5 1848 0.0098358
21 20.5 7207 0.0383586
22 21.5 1159 0.00616867
23 22.5 72 0.000383213
24 23.5 6758 0.0359688
25 24.5 0 0
26 25.5 0 0
27 26.5 0 0
28 27.5 0 0
29 28.5 0 0
30 29.5 0 0
7500000 30 189886 55114 -10.773 23.6605
1 0.5 5141 0.0270741
2 1.5 11386 0.0599623
3 2.5 12236 0.0644387
4 3.5 8403 0.0442529
5 4.5 11994 0.0631642
6 5.5 12515 0.065908
7 6.5 7598 0.0400135
8 7.5 11839 0.0623479
9 8.5 9073 0.0477813
10 9.5 9690 0.0510306
11 10.5 10616 0.0559072
12 11.5 5093 0.0268214
13 12.5 14375 0.0757033
14 13.5 9111 0.0479814
15 14.5 4831 0.0254416
16 15.5 9294 0.0489452
17 16.5 6758 0.0355898
18 17.5 5639 0.0296968
19 18.5 5876 0.0309449
20 19.5 1549 0.00815753
21 20.5 8554 0.0450481
22 21.5 1109 0.00584035
23 22.5 106 0.00055823
24 23.5 7100 0.0373909
25 24.5 0 0
26 25.5 0 0
27 26.5 0 0
28 27.5 0 0
29 28.5 0 0
30 29.5 0 0
8000000 30 190744 54256 -11.0844 23.5926
1 0.5 5412 0.0283731
2 1.5 12915 0.0677086
3 2.5 10706 0.0561276
4 3.5 8031 0.0421036
5 4.5 12928 0.0677767
6 5.5 12566 0.0658789
7 6.5 7978 0.0418257
8 7.5 10327 0.0541406
9 8.5 11291 0.0591945
10 9.5 7474 0.0391834
11 10.5 10876 0.0570188
12 11.5 7487 0.0392516
13 12.5 11792 0.0618211
14 13.5 9792 0.0513358
15 14.5 5268 0.0276182
16 15.5 8229 0.0431416
17 16.5 8072 0.0423185
18 17.5 5300 0.0277859
19 18.5 5329 0.027938
20 19.5 2555 0.0133949
21 20.5 7845 0.0411284
22 21.5 974 0.00510632
23 22.5 110 0.000576689
24 23.5 7487 0.0392516
25 24.5 0 0
26 25.5 0 0
27 26.5 0 0
28 27.5 0 0
29 28.5 0 0
30 29.5 0 0
8500000 30 192437 52563 -10.8842 23.5624
1 0.5 5169 0.0268607
2 1.5 12905 0.0670609
3 2.5 10610 0.0551349
4 3.5 8074 0.0419566
5 4.5 12637 0.0656682
6 5.5 12619 0.0655747
7 6.5 8306 0.0431622
8 7.5 10550 0.0548231
9 8.5 10696 0.0555818
10 9.5 7025 0.0365055
11 10.5 11925 0.0619683
12 11.5 7809 0.0405795
13 12.5 11633 0.060451
14 13.5 10109 0.0525315
15 14.5 5977 0.0310595
16 15.5 7980 0.0414681
17 16.5 8973 0.0466282
18 17.5 4691 0.0243768
19 18.5 5171 0.0268711
20 19.5 3188 0.0165665
21 20.5 7709 0.0400599
22 21.5 979 0.00508738
23 22.5 333 0.00173044
24 23.5 7369 0.0382931
25 24.5 0 0
26 25.5 0 0
27 26.5 0 0
28 27.5 0 0
29 28.5 0 0
30 29.5 0 0
9000000 30 192805 52195 -10.8475 23.4935
1 0.5 5277 0.0273696
2 1.5 12655 0.0656363
3 2.5 10591 0.0549311
4 3.5 7730 0.0400923
5 4.5 12579 0.0652421
6 5.5 12521 0.0649413
7 6.5 8163 0.0423381
8 7.5 10434 0.0541169
9 8.5 11033 0.0572236
10 9.5 6984 0.0362231
11 10.5 11612 0.0602267
12 11.5 8499 0.0440808
13 12.5 11371 0.0589767
14 13.5 10294 0.0533907
15 14.5 6477 0.0335935
16 15.5 7365 0.0381992
17 16.5 10263 0.0532299
18 17.5 4114 0.0213376
19 18.5 4775 0.024766
20 19.5 4489 0.0232826
21 20.5 6715 0.0348279
22 21.5 953 0.00494282
23 22.5 794 0.00411815
24 23.5 7117 0.0369129
25 24.5 0 0
26 25.5 0 0
27 26.5 0 0
28 27.5 0 0
29 28.5 0 0
30 29.5 0 0
9500000 30 193767 51233 -10.9341 23.4849
1 0.5 5688 0.0293548
2 1.5 12520 0.0646137
3 2.5 10996 0.0567486
4 3.5 7789 0.0401978
5 4.5 12226 0.0630964
6 5.5 11676 0.0602579
7 6.5 9720 0.0501633
8 7.5 8708 0.0449406
9 8.5 10913 0.0563202
10 9.5 8376 0.0432272
11 10.5 11010 0.0568208
12 11.5 10619 0.0548029
13 12.5 10574 0.0545707
14 13.5 9589 0.0494873
15 14.5 9389 0.0484551
16 15.5 4588 0.0236779
17 16.5 10006 0.0516393
18 17.5 5711 0.0294735
19 18.5 3336 0.0172166
20 19.5 5022 0.0259177
21 20.5 6301 0.0325184
22 21.5 1015 0.00523825
23 22.5 1434 0.00740064
24 23.5 6561 0.0338603
25 24.5 0 0
26 25.5 0 0
27 26.5 0 0
28 27.5 0 0
29 28.5 0 0
30 29.5 0 0
10000000 30 193571 51429 -11.1707 23.4694
1 0.5 6259 0.0323344
2 1.5 11787 0.0608924
3 2.5 11017 0.0569145
4 3.5 7714 0.039851
5 4.5 12121 0.0626179
6 5.5 11273 0.058237
7 6.5 10142 0.0523942
8 7.5 7891 0.0407654
9 8.5 11336 0.0585625
10 9.5 8668 0.0447794
11 10.5 10356 0.0534997
12 11.5 11471 0.0592599
13 12.5 10257 0.0529883
14 13.5 9940 0.0513507
15 14.5 9433 0.0487315
16 15.5 4647 0.0240067
17 16.5 9616 0.0496769
18 17.5 6059 0.0313012
19 18.5 2869 0.0148214
20 19.5 5962 0.0308001
21 20.5 5755 0.0297307
22 21.5 1008 0.00520739
23 22.5 2455 0.0126827
24 23.5 5535 0.0285942
25 24.5 0 0
26 25.5 0 0
27 26.5 0 0
28 27.5 0 0
29 28.5 0 0
30 29.5 0 0
10500000 30 194137 50863 -11.0524 23.2999
1 0.5 7134 0.0367472
2 1.5 10462 0.0538898
3 2.5 10351 0.053318
4 3.5 9179 0.047281
5 4.5 11284 0.0581239
6 5.5 11750 0.0605243
7 6.5 9981 0.0514121
8 7.5 8846 0.0455658
9 8.5 11201 0.0576964
10 9.5 7402 0.0381277
11 10.5 11100 0.0571761
12 11.5 10781 0.0555329
13 12.5 10416 0.0536528
14 13.5 10235 0.0527205
15 14.5 9238 0.047585
16 15.5 4869 0.0250802
17 16.5 10633 0.0547706
18 17.5 5440 0.0280214
19 18.5 2986 0.0153809
20 19.5 7749 0.0399151
21 20.5 4132 0.0212839
22 21.5 969 0.00499132
23 22.5 4554 0.0234577
24 23.5 3445 0.0177452
25 24.5 0 0
26 25.5 0 0
27 26.5 0 0
28 27.5 0 0
29 28.5 0 0
30 29.5 0 0
11000000 30 194787 50213 -10.9598 23.2517
1 0.5 7890 0.0405058
2 1.5 9553 0.0490433
3 2.5 11235 0.0576784
4 3.5 8765 0.0449979
5 4.5 10846 0.0556813
6 5.5 11711 0.0601221
7 6.5 10301 0.0528834
8 7.5 8599 0.0441457
9 8.5 11258 0.0577965
10 9.5 7861 0.0403569
11 10.5 10805 0.0554708
12 11.5 11271 0.0578632
13 12.5 9837 0.0505013
14 13.5 10501 0.0539102
15 14.5 9439 0.0484581
16 15.5 4653 0.0238876
17 16.5 10474 0.0537716
18 17.5 6006 0.0308337
19 18.5 2828 0.0145184
20 19.5 8931 0.0458501
21 20.5 3035 0.0155811
22 21.5 988 0.00507221
23 22.5 5980 0.0307002
24 23.5 2020 0.0103703
25 24.5 0 0
26 25.5 0 0
27 26.5 0 0
28 27.5 0 0
29 28.5 0 0
30 29.5 0 0
11500000 30 194737 50263 -11.1454 23.1496
1 0.5 9003 0.0462316
2 1.5 8113 0.0416613
3 2.5 11220 0.0576162
4 3.5 9742 0.0500264
5 4.5 9626 0.0494308
6 5.5 11874 0.0609745
7 6.5 10233 0.0525478
8 7.5 8468 0.0434843
9 8.5 11443 0.0587613
10 9.5 7754 0.0398178
11 10.5 10612 0.054494
12 11.5 11875 0.0609797
13 12.5 9523 0.0489019
14 13.5 11015 0.0565635
15 14.5 9088 0.0466681
16 15.5 4634 0.0237962
17 16.5 10377 0.0532873
18 17.5 6746 0.0346416
19 18.5 2434 0.0124989
20 19.5 9599 0.0492921
21 20.5 2370 0.0121703
22 21.5 988 0.00507351
23 22.5 7565 0.0388473
24 23.5 435 0.00223378
25 24.5 0 0
26 25.5 0 0
27 26.5 0 0
28 27.5 0 0
29 28.5 0 0
30 29.5 0 0
12000000 30 195792 49208 -11.1185 23.1394
1 0.5 9844 0.0502778
2 1.5 7523 0.0384234
3 2.5 11311 0.0577705
4 3.5 9577 0.0489142
5 4.5 9494 0.0484902
6 5.5 11965 0.0611108
7 6.5 9534 0.0486945
8 7.5 9871 0.0504157
9 8.5 11322 0.0578267
10 9.5 7388 0.0377339
11 10.5 11333 0.0578829
12 11.5 11881 0.0606817
13 12.5 8917 0.0455432
14 13.5 11122 0.0568052
15 14.5 9301 0.0475045
16 15.5 5073 0.0259101
17 16.5 10022 0.051187
18 17.5 7139 0.0364622
19 18.5 2737 0.0139791
20 19.5 9385 0.0479335
21 20.5 2058 0.0105112
22 21.5 995 0.00508192
23 22.5 7731 0.0394858
24 23.5 269 0.00137391
25 24.5 0 0
26 25.5 0 0
27 26.5 0 0
28 27.5 0 0
29 28.5 0 0
30 29.5 0 0
12500000 30 196466 48534 -10.9606 23.0894
1 0.5 10744 0.0546863
2 1.5 6603 0.0336089
3 2.5 11382 0.0579337
4 3.5 10191 0.0518716
5 4.5 8354 0.0425214
6 5.5 11723 0.0596694
7 6.5 9757 0.0496625
8 7.5 9717 0.0494589
9 8.5 11550 0.0587888
10 9.5 7772 0.039559
11 10.5 11243 0.0572262
12 11.5 12050 0.0613338
13 12.5 8276 0.0421243
14 13.5 11569 0.0588855
15 14.5 9321 0.0474433
16 15.5 5466 0.0278216
17 16.5 9781 0.0497847
18 17.5 7743 0.0394114
19 18.5 2625 0.0133611
20 19.5 9962 0.050706
21 20.5 1650 0.0083984
22 21.5 987 0.00502377
23 22.5 7952 0.0404752
24 23.5 48 0.000244317
25 24.5 0 0
26 25.5 0 0
27 26.5 0 0
28 27.5 0 0
29 28.5 0 0
30 29.5 0 0
13000000 30 195762 49238 -11.1733 23.0454
1 0.5 11513 0.0588112
2 1.5 7550 0.0385672
3 2.5 8914 0.0455349
4 3.5 12573 0.0642259
5 4.5 7228 0.0369224
6 5.5 10849 0.0554193
7 6.5 10206 0.0521347
8 7.5 8290 0.0423473
9 8.5 12040 0.0615033
10 9.5 8119 0.0414738
11 10.5 10288 0.0525536
12 11.5 12310 0.0628825
13 12.5 8293 0.0423627
14 13.5 11962 0.0611048
15 14.5 8860 0.045259
16 15.5 5763 0.0294388
17 16.5 9604 0.0490596
18 17.5 8358 0.0426947
19 18.5 2206 0.0112688
20 19.5 10491 0.0535906
21 20.5 1415 0.00722816
22 21.5 930 0.00475067
23 22.5 7994 0.0408353
24 23.5 6 3.06495e-05
25 24.5 0 0
26 25.5 0 0
27 26.5 0 0
28 27.5 0 0
29 28.5 0 0
30 29.5 0 0
13500000 30 195551 49449 -11.1843 22.9227
1 0.5 11284 0.0577036
2 1.5 9228 0.0471897
3 2.5 7436 0.0380259
4 3.5 13629 0.0696954
5 4.5 7037 0.0359855
6 5.5 9854 0.0503909
7 6.5 11807 0.0603781
8 7.5 7272 0.0371872
9 8.5 11400 0.0582968
10 9.5 9117 0.0466221
11 10.5 8645 0.0442084
12 11.5 13783 0.0704829
13 12.5 7429 0.0379901
14 13.5 11685 0.0597542
15 14.5 9298 0.0475477
16 15.5 5453 0.0278853
17 16.5 9547 0.048821
18 17.5 8826 0.045134
19 18.5 1887 0.00964966
20 19.5 10735 0.0548962
21 20.5 1330 0.00680129
22 21.5 869 0.00444385
23 22.5 8000 0.04091
24 23.5 0 0
25 24.5 0 0
26 25.5 0 0
27 26.5 0 0
28 27.5 0 0
29 28.5 0 0
30 29.5 0 0
14000000 30 195737 49263 -11.1568 22.8837
1 0.5 11142 0.0569233
2 1.5 9662 0.0493622
3 2.5 6332 0.0323495
4 3.5 14496 0.0740586
5 4.5 8208 0.0419338
6 5.5 8409 0.0429607
7 6.5 13005 0.0664412
8 7.5 6156 0.0314504
9 8.5 11496 0.0587319
10 9.5 10293 0.0525859
11 10.5 7105 0.0362987
12 11.5 13993 0.0714888
13 12.5 7395 0.0377803
14 13.5 11314 0.0578021
15 14.5 9620 0.0491476
16 15.5 5601 0.0286149
17 16.5 9316 0.0475945
18 17.5 9649 0.0492957
19 18.5 1655 0.00845522
20 19.5 10864 0.055503
21 20.5 1268 0.00647808
22 21.5 758 0.00387254
23 22.5 8000 0.0408712
24 23.5 0 0
25 24.5 0 0
26 25.5 0 0
27 26.5 0 0
28 27.5 0 0
29 28.5 0 0
30 29.5 0 0
14500000 30 195088 49912 -11.2123 22.7744
1 0.5 10541 0.054032
2 1.5 10584 0.0542524
3 2.5 6448 0.0330518
4 3.5 13985 0.0716856
5 4.5 10117 0.0518586
6 5.5 7083 0.0363067
7 6.5 13902 0.0712601
8 7.5 6495 0.0332927
9 8.5 9263 0.0474811
10 9.5 12983 0.0665495
11 10.5 4752 0.0243582
12 11.5 14672 0.0752071
13 12.5 8171 0.0418837
14 13.5 9751 0.0499826
15 14.5 9673 0.0495828
16 15.5 5591 0.0286589
17 16.5 9443 0.0484038
18 17.5 9342 0.0478861
19 18.5 1642 0.00841671
20 19.5 10830 0.0555134
21 20.5 1228 0.0062946
22 21.5 592 0.00303453
23 22.5 8000 0.0410071
24 23.5 0 0
25 24.5 0 0
26 25.5 0 0
27 26.5 0 0
28 27.5 0 0
29 28.5 0 0
30 29.5 0 0
15000000 30 194724 50276 -11.258 22.6924
1 0.5 10092 0.0518272
2 1.5 10946 0.0562129
3 2.5 6421 0.0329749
4 3.5 13809 0.0709158
5 4.5 11509 0.0591042
6 5.5 6386 0.0327951
7 6.5 14142 0.0726259
8 7.5 7068 0.0362975
9 8.5 7618 0.039122
10 9.5 14662 0.0752963
11 10.5 3772 0.019371
12 11.5 14309 0.0734835
13 12.5 9858 0.0506255
14 13.5 7929 0.0407192
15 14.5 9484 0.0487048
16 15.5 6205 0.0318656
17 16.5 9260 0.0475545
18 17.5 8962 0.0460241
19 18.5 1716 0.00881247
20 19.5 11019 0.0565878
21 20.5 1125 0.00577741
22 21.5 435 0.00223393
23 22.5 7997 0.0410684
24 23.5 0 0
25 24.5 0 0
26 25.5 0 0
27 26.5 0 0
28 27.5 0 0
29 28.5 0 0
30 29.5 0 0
15500000 30 194982 50018 -11.3969 22.6102
1 0.5 10136 0.0519843
2 1.5 11057 0.0567078
3 2.5 6562 0.0336544
4 3.5 13387 0.0686576
5 4.5 12171 0.0624211
6 5.5 6764 0.0346904
7 6.5 12715 0.0652111
8 7.5 10222 0.0524254
9 8.5 5331 0.027341
10 9.5 14196 0.0728067
11 10.5 6993 0.0358648
12 11.5 11978 0.0614313
13 12.5 11003 0.0564309
14 13.5 8359 0.0428706
15 14.5 7693 0.0394549
16 15.5 8072 0.0413987
17 16.5 8129 0.041691
18 17.5 8366 0.0429065
19 18.5 2725 0.0139756
20 19.5 9796 0.0502405
21 20.5 1122 0.00575438
22 21.5 317 0.00162579
23 22.5 7888 0.040455
24 23.5 0 0
25 24.5 0 0
26 25.5 0 0
27 26.5 0 0
28 27.5 0 0
29 28.5 0 0
30 29.5 0 0
16000000 30 195008 49992 -11.2048 22.5112
1 0.5 10767 0.0552131
2 1.5 9962 0.0510851
3 2.5 6548 0.0335781
4 3.5 13559 0.0695305
5 4.5 12041 0.0617462
6 5.5 6801 0.0348755
7 6.5 12641 0.064823
8 7.5 9870 0.0506133
9 8.5 5829 0.0298911
10 9.5 14835 0.0760738
11 10.5 4493 0.0230401
12 11.5 13511 0.0692843
13 12.5 13725 0.0703817
14 13.5 5241 0.0268758
15 14.5 8380 0.0429726
16 15.5 12044 0.0617616
17 16.5 4092 0.0209838
18 17.5 8537 0.0437777
19 18.5 6263 0.0321166
20 19.5 6731 0.0345165
21 20.5 1115 0.00571771
22 21.5 1493 0.0076561
23 22.5 6530 0.0334858
24 23.5 0 0
25 24.5 0 0
26 25.5 0 0
27 26.5 0 0
28 27.5 0 0
29 28.5 0 0
30 29.5 0 0
16500000 30 193591 51409 -11.4952 22.5095
1 0.5 10332 0.0533702
2 1.5 11311 0.0584273
3 2.5 5200 0.0268608
4 3.5 14885 0.0768889
5 4.5 11198 0.0578436
6 5.5 8007 0.0413604
7 6.5 9826 0.0507565
8 7.5 11323 0.0584893
9 8.5 6566 0.0339169
10 9.5 12701 0.0656074
11 10.5 10569 0.0545945
12 11.5 10254 0.0529673
13 12.5 11135 0.0575182
14 13.5 11224 0.0579779
15 14.5 4692 0.0242367
16 15.5 9302 0.0480498
17 16.5 10421 0.05383
18 17.5 3633 0.0187664
19 18.5 5058 0.0261272
20 19.5 6804 0.0351463
21 20.5 1142 0.00589903
22 21.5 1089 0.00562526
23 22.5 6919 0.0357403
24 23.5 0 0
25 24.5 0 0
26 25.5 0 0
27 26.5 0 0
28 27.5 0 0
29 28.5 0 0
30 29.5 0 0
17000000 30 193022 51978 -11.5563 22.4301
1 0.5 10441 0.0540923
2 1.5 11219 0.0581229
3 2.5 5237 0.0271316
4 3.5 14316 0.0741677
5 4.5 11569 0.0599362
6 5.5 7879 0.0408192
7 6.5 9562 0.0495384
8 7.5 11593 0.0600605
9 8.5 7955 0.0412129
10 9.5 11182 0.0579312
11 10.5 11643 0.0603195
12 11.5 9544 0.0494451
13 12.5 11395 0.0590347
14 13.5 10485 0.0543202
15 14.5 4957 0.025681
16 15.5 10377 0.0537607
17 16.5 9518 0.0493104
18 17.5 3150 0.0163194
19 18.5 7517 0.0389437
20 19.5 4468 0.0231476
21 20.5 1013 0.00524811
22 21.5 3478 0.0180187
23 22.5 4524 0.0234377
24 23.5 0 0
25 24.5 0 0
26 25.5 0 0
27 26.5 0 0
28 27.5 0 0
29 28.5 0 0
30 29.5 0 0
17500000 30 192075 52925 -11.6224 22.3419
1 0.5 10693 0.055671
2 1.5 10478 0.0545516
3 2.5 6039 0.0314408
4 3.5 13170 0.068567
5 4.5 11557 0.0601692
6 5.5 8022 0.0417649
7 6.5 9429 0.0490902
8 7.5 11949 0.0622101
9 8.5 8173 0.0425511
10 9.5 10610 0.0552388
11 10.5 11929 0.0621059
12 11.5 9288 0.0483561
13 12.5 11796 0.0614135
14 13.5 9991 0.0520161
15 14.5 5065 0.0263699
16 15.5 10765 0.0560458
17 16.5 9167 0.0477261
18 17.5 2954 0.0153794
19 18.5 9246 0.0481374
20 19.5 2749 0.0143121
21 20.5 1003 0.00522192
22 21.5 5796 0.0301757
23 22.5 2206 0.0114851
24 23.5 0 0
25 24.5 0 0
26 25.5 0 0
27 26.5 0 0
28 27.5 0 0
29 28.5 0 0
30 29.5 0 0
18000000 30 189830 55170 -11.4766 22.2621
1 0.5 7802 0.0410999
2 1.5 11599 0.061102
3 2.5 7855 0.0413791
4 3.5 10770 0.056735
5 4.5 11700 0.0616341
6 5.5 7982 0.0420481
7 6.5 9216 0.0485487
8 7.5 12256 0.064563
9 8.5 7324 0.0385819
10 9.5 11290 0.0594743
11 10.5 11457 0.060354
12 11.5 9583 0.050482
13 12.5 12105 0.0637676
14 13.5 9958 0.0524575
15 14.5 5345 0.0281568
16 15.5 10529 0.0554654
17 16.5 9037 0.0476058
18 17.5 2965 0.0156192
19 18.5 9868 0.0519834
20 19.5 2131 0.0112258
21 20.5 1003 0.00528367
22 21.5 7485 0.03943
23 22.5 570 0.00300269
24 23.5 0 0
25 24.5 0 0
26 25.5 0 0
27 26.5 0 0
28 27.5 0 0
29 28.5 0 0
30 29.5 0 0
18500000 30 187330 57670 -11.1337 22.1077
1 0.5 4121 0.0219986
2 1.5 11251 0.0600598
3 2.5 12487 0.0666578
4 3.5 7938 0.0423744
5 4.5 10755 0.0574121
6 5.5 10166 0.0542679
7 6.5 9492 0.0506699
8 7.5 10713 0.0571879
9 8.5 7598 0.0405594
10 9.5 10769 0.0574868
11 10.5 12604 0.0672823
12 11.5 8469 0.045209
13 12.5 11639 0.062131
14 13.5 10916 0.0582715
15 14.5 4720 0.0251962
16 15.5 10668 0.0569476
17 16.5 9343 0.0498746
18 17.5 2634 0.0140607
19 18.5 10175 0.0543159
20 19.5 1868 0.00997171
21 20.5 971 0.00518337
22 21.5 8022 0.0428228
23 22.5 11 5.87199e-05
24 23.5 0 0
25 24.5 0 0
26 25.5 0 0
27 26.5 0 0
28 27.5 0 0
29 28.5 0 0
30 29.5 0 0
19000000 30 185487 59513 -10.3056 21.9722
1 0.5 6078 0.0327678
2 1.5 8872 0.0478308
3 2.5 13487 0.0727113
4 3.5 7728 0.0416633
5 4.5 9981 0.0538097
6 5.5 11032 0.0594759
7 6.5 6595 0.0355551
8 7.5 12549 0.0676543
9 8.5 9658 0.0520683
10 9.5 7559 0.0407522
11 10.5 13571 0.0731642
12 11.5 8415 0.0453671
13 12.5 11938 0.0643603
14 13.5 9912 0.0534377
15 14.5 5065 0.0273065
16 15.5 10057 0.0542194
17 16.5 9857 0.0531412
18 17.5 2059 0.0111005
19 18.5 10994 0.059271
20 19.5 1041 0.00561225
21 20.5 1006 0.00542356
22 21.5 8033 0.0433076
23 22.5 0 0
24 23.5 0 0
25 24.5 0 0
26 25.5 0 0
27 26.5 0 0
28 27.5 0 0
29 28.5 0 0
30 29.5 0 0
19500000 30 185354 59646 -10.3382 21.9175
1 0.5 7298 0.0393733
2 1.5 7387 0.0398535
3 2.5 14225 0.076745
4 3.5 8517 0.0459499
5 4.5 8473 0.0457125
6 5.5 13855 0.0747489
7 6.5 4650 0.0250871
8 7.5 12291 0.066311
9 8.5 11444 0.0617413
10 9.5 5148 0.0277739
11 10.5 14533 0.0784067
12 11.5 8528 0.0460093
13 12.5 10695 0.0577004
14 13.5 10345 0.0558121
15 14.5 4742 0.0255835
16 15.5 10345 0.0558121
17 16.5 9623 0.0519169
18 17.5 1886 0.0101751
19 18.5 11657 0.0628905
20 19.5 522 0.00281623
21 20.5 1142 0.00616118
22 21.5 8048 0.0434196
23 22.5 0 0
24 23.5 0 0
25 24.5 0 0
26 25.5 0 0
27 26.5 0 0
28 27.5 0 0
29 28.5 0 0
30 29.5 0 0
20000000 30 185023 59977 -10.4346 21.7646
1 0.5 9509 0.0513936
2 1.5 5428 0.0293369
3 2.5 14672 0.0792982
4 3.5 11068 0.0598196
5 4.5 6476 0.0350011
6 5.5 14110 0.0762608
7 6.5 6837 0.0369522
8 7.5 9228 0.0498749
9 8.5 13632 0.0736773
10 9.5 3416 0.0184626
11 10.5 14930 0.0806927
12 11.5 9820 0.0530745
13 12.5 8616 0.0465672
14 13.5 9862 0.0533015
15 14.5 5481 0.0296233
16 15.5 10086 0.0545121
17 16.5 9392 0.0507613
18 17.5 1529 0.00826384
19 18.5 10739 0.0580414
20 19.5 1538 0.00831248
21 20.5 649 0.00350767
22 21.5 8005 0.0432649
23 22.5 0 0
24 23.5 0 0
25 24.5 0 0
26 25.5 0 0
27 26.5 0 0
28 27.5 0 0
29 28.5 0 0
30 29.5 0 0
20500000 30 184695 60305 -10.5488 21.6213
1 0.5 9279 0.0502396
2 1.5 5915 0.0320258
3 2.5 14806 0.0801646
4 3.5 11337 0.0613823
5 4.5 6349 0.0343756
6 5.5 13541 0.0733155
7 6.5 8172 0.0442459
8 7.5 7392 0.0400227
9 8.5 14466 0.0783237
10 9.5 4313 0.023352
11 10.5 13689 0.0741168
12 11.5 12679 0.0686483
13 12.5 6701 0.0362814
14 13.5 8886 0.0481118
15 14.5 8061 0.0436449
16 15.5 7626 0.0412897
17 16.5 8697 0.0470884
18 17.5 3250 0.0175966
19 18.5 10073 0.0545386
20 19.5 908 0.00491621
21 20.5 806 0.00436395
22 21.5 7749 0.0419557
23 22.5 0 0
24 23.5 0 0
25 24.5 0 0
26 25.5 0 0
27 26.5 0 0
28 27.5 0 0
29 28.5 0 0
30 29.5 0 0
21000000 30 184817 60183 -10.5831 21.5039
1 0.5 9411 0.0509206
2 1.5 5848 0.0316421
3 2.5 15403 0.0833419
4 3.5 11118 0.0601568
5 4.5 6483 0.0350779
6 5.5 12961 0.0701288
7 6.5 9900 0.0535665
8 7.5 5136 0.0277897
9 8.5 14928 0.0807718
10 9.5 5543 0.0299918
11 10.5 12864 0.069604
12 11.5 13629 0.0737432
13 12.5 6227 0.0336928
14 13.5 8077 0.0437027
15 14.5 11432 0.0618558
16 15.5 4552 0.0246298
17 16.5 8511 0.046051
18 17.5 5449 0.0294832
19 18.5 7467 0.0404021
20 19.5 980 0.00530254
21 20.5 2194 0.0118712
22 21.5 6704 0.0362737
23 22.5 0 0
24 23.5 0 0
25 24.5 0 0
26 25.5 0 0
27 26.5 0 0
28 27.5 0 0
29 28.5 0 0
30 29.5 0 0
