# Histogrammed data for fix 12
# TimeStep Number-of-bins Total-counts Missing-counts Min-value Max-value
# Bin Coord Count Count/Total
500000 30 244813 187 -0.137267 28.1069
1 0.5 2665 0.0108859
2 1.5 26358 0.107666
3 2.5 4506 0.0184059
4 3.5 0 0
5 4.5 2801 0.0114414
6 5.5 19463 0.0795015
7 6.5 2923 0.0119397
8 7.5 1873 0.00765074
9 8.5 11921 0.0486943
10 9.5 16291 0.0665447
11 10.5 742 0.00303088
12 11.5 1971 0.00805104
13 12.5 19047 0.0778022
14 13.5 10660 0.0435434
15 14.5 15404 0.0629215
16 15.5 16869 0.0689057
17 16.5 35 0.000142966
18 17.5 190 0.000776103
19 18.5 13550 0.0553484
20 19.5 10112 0.041305
21 20.5 3264 0.0133326
22 21.5 3484 0.0142313
23 22.5 5881 0.0240224
24 23.5 17003 0.069453
25 24.5 7516 0.030701
26 25.5 0 0
27 26.5 2833 0.0115721
28 27.5 27341 0.111681
29 28.5 110 0.000449323
30 29.5 0 0
1000000 30 244714 286 -0.224723 28.1356
1 0.5 2989 0.0122143
2 1.5 25747 0.105213
3 2.5 5551 0.0226836
4 3.5 0 0
5 4.5 2276 0.00930065
6 5.5 19344 0.0790474
7 6.5 3463 0.0141512
8 7.5 1929 0.00788267
9 8.5 11328 0.0462908
10 9.5 16934 0.0691991
11 10.5 726 0.00296673
12 11.5 1995 0.00815237
13 12.5 17857 0.0729709
14 13.5 11574 0.047296
15 14.5 13526 0.0552727
16 15.5 18763 0.0766732
17 16.5 285 0.00116462
18 17.5 67 0.000273789
19 18.5 13031 0.0532499
20 19.5 9490 0.03878
21 20.5 3612 0.0147601
22 21.5 4052 0.0165581
23 22.5 5497 0.022463
24 23.5 17431 0.0712301
25 24.5 7818 0.0319475
26 25.5 2 8.17281e-06
27 26.5 2123 0.00867543
28 27.5 27132 0.110872
29 28.5 172 0.000702861
30 29.5 0 0
1500000 30 244998 2 -0.0697681 27.9708
1 0.5 2611 0.0106572
2 1.5 23197 0.0946824
3 2.5 8766 0.0357799
4 3.5 0 0
5 4.5 899 0.00366942
6 5.5 19302 0.0787843
7 6.5 4922 0.02009
8 7.5 1877 0.00766129
9 8.5 10771 0.0439636
10 9.5 17589 0.0717924
11 10.5 640 0.00261227
12 11.5 1354 0.00552658
13 12.5 17456 0.0712496
14 13.5 12499 0.0510167
15 14.5 12581 0.0513514
16 15.5 19234 0.0785068
17 16.5 876 0.00357554
18 17.5 0 0
19 18.5 10833 0.0442167
20 19.5 11969 0.0488535
21 20.5 3827 0.0156205
22 21.5 4069 0.0166083
23 22.5 7254 0.0296084
24 23.5 17421 0.0711067
25 24.5 5627 0.0229675
26 25.5 0 0
27 26.5 4838 0.0197471
28 27.5 24586 0.100352
29 28.5 0 0
30 29.5 0 0
2000000 30 245000 0 0.00957738 27.9238
1 0.5 3266 0.0133306
2 1.5 22555 0.0920612
3 2.5 9441 0.0385347
4 3.5 0 0
5 4.5 848 0.00346122
6 5.5 18576 0.0758204
7 6.5 5576 0.0227592
8 7.5 1985 0.00810204
9 8.5 9601 0.0391878
10 9.5 18497 0.075498
11 10.5 917 0.00374286
12 11.5 1002 0.0040898
13 12.5 16731 0.0682898
14 13.5 13269 0.0541592
15 14.5 11663 0.0476041
16 15.5 19589 0.0799551
17 16.5 1746 0.00712653
18 17.5 0 0
19 18.5 9415 0.0384286
20 19.5 12564 0.0512816
21 20.5 4513 0.0184204
22 21.5 5098 0.0208082
23 22.5 7201 0.0293918
24 23.5 18035 0.0736122
25 24.5 4174 0.0170367
26 25.5 0 0
27 26.5 5371 0.0219224
28 27.5 23367 0.0953755
29 28.5 0 0
30 29.5 0 0
2500000 30 245000 0 0.091744 27.9294
1 0.5 1160 0.00473469
2 1.5 21585 0.088102
3 2.5 10415 0.0425102
4 3.5 0 0
5 4.5 572 0.00233469
6 5.5 18617 0.0759878
7 6.5 5496 0.0224327
8 7.5 1325 0.00540816
9 8.5 9674 0.0394857
10 9.5 17819 0.0727306
11 10.5 2497 0.0101918
12 11.5 994 0.00405714
13 12.5 14939 0.0609755
14 13.5 15056 0.0614531
15 14.5 10981 0.0448204
16 15.5 19201 0.0783714
17 16.5 2829 0.0115469
18 17.5 0 0
19 18.5 8927 0.0364367
20 19.5 12941 0.0528204
21 20.5 4500 0.0183673
22 21.5 5619 0.0229347
23 22.5 6348 0.0259102
24 23.5 18486 0.0754531
25 24.5 4179 0.0170571
26 25.5 0 0
27 26.5 3954 0.0161388
28 27.5 26886 0.109739
29 28.5 0 0
30 29.5 0 0
3000000 30 245000 0 0.106394 27.8104
1 0.5 1537 0.00627347
2 1.5 16951 0.0691878
3 2.5 15049 0.0614245
4 3.5 0 0
5 4.5 89 0.000363265
6 5.5 16947 0.0691714
7 6.5 7490 0.0305714
8 7.5 1491 0.00608571
9 8.5 7403 0.0302163
10 9.5 20564 0.0839347
11 10.5 2016 0.00822857
12 11.5 561 0.0022898
13 12.5 10941 0.0446571
14 13.5 20292 0.0828245
15 14.5 4400 0.0179592
16 15.5 26296 0.107331
17 16.5 1510 0.00616327
18 17.5 0 0
19 18.5 5967 0.0243551
20 19.5 16074 0.0656082
21 20.5 5472 0.0223347
22 21.5 4418 0.0180327
23 22.5 8182 0.0333959
24 23.5 17709 0.0722816
25 24.5 3178 0.0129714
26 25.5 0 0
27 26.5 4931 0.0201265
28 27.5 25532 0.104212
29 28.5 0 0
30 29.5 0 0
3500000 30 245000 0 0.19047 27.8279
1 0.5 2294 0.00936327
2 1.5 14360 0.0586122
3 2.5 17639 0.0719959
4 3.5 1 4.08163e-06
5 4.5 0 0
6 5.5 16429 0.0670571
7 6.5 7882 0.0321714
8 7.5 1689 0.00689388
9 8.5 6486 0.0264735
10 9.5 21861 0.0892286
11 10.5 1653 0.00674694
12 11.5 117 0.000477551
13 12.5 7010 0.0286122
14 13.5 24858 0.101461
15 14.5 2225 0.00908163
16 15.5 28393 0.11589
17 16.5 1397 0.00570204
18 17.5 0 0
19 18.5 4811 0.0196367
20 19.5 17224 0.070302
21 20.5 4776 0.0194939
22 21.5 5135 0.0209592
23 22.5 8400 0.0342857
24 23.5 16825 0.0686735
25 24.5 3829 0.0156286
26 25.5 0 0
27 26.5 4113 0.0167878
28 27.5 25593 0.104461
29 28.5 0 0
30 29.5 0 0
4000000 30 245000 0 0.146521 27.7959
1 0.5 3204 0.0130776
2 1.5 11743 0.0479306
3 2.5 20252 0.0826612
4 3.5 5 2.04082e-05
5 4.5 0 0
6 5.5 15164 0.0618939
7 6.5 9251 0.0377592
8 7.5 1585 0.00646939
9 8.5 6049 0.0246898
10 9.5 22020 0.0898776
11 10.5 1931 0.00788163
12 11.5 16 6.53061e-05
13 12.5 5690 0.0232245
14 13.5 26291 0.10731
15 14.5 1422 0.00580408
16 15.5 29075 0.118673
17 16.5 1506 0.00614694
18 17.5 0 0
19 18.5 3726 0.0152082
20 19.5 18234 0.0744245
21 20.5 4817 0.0196612
22 21.5 4462 0.0182122
23 22.5 8510 0.0347347
24 23.5 17131 0.0699224
25 24.5 4118 0.0168082
26 25.5 2 8.16327e-06
27 26.5 3230 0.0131837
28 27.5 25566 0.104351
29 28.5 0 0
30 29.5 0 0
4500000 30 245000 0 0.164756 27.791
1 0.5 3536 0.0144327
2 1.5 8782 0.0358449
3 2.5 23218 0.0947673
4 3.5 0 0
5 4.5 0 0
6 5.5 14049 0.0573429
7 6.5 10363 0.042298
8 7.5 2342 0.00955918
9 8.5 4230 0.0172653
10 9.5 22817 0.0931306
11 10.5 2199 0.00897551
12 11.5 0 0
13 12.5 4183 0.0170735
14 13.5 27776 0.113371
15 14.5 1415 0.00577551
16 15.5 29189 0.119139
17 16.5 1437 0.00586531
18 17.5 0 0
19 18.5 3351 0.0136776
20 19.5 18698 0.0763184
21 20.5 4312 0.0176
22 21.5 4229 0.0172612
23 22.5 8144 0.0332408
24 23.5 17428 0.0711347
25 24.5 4838 0.0197469
26 25.5 0 0
27 26.5 2566 0.0104735
28 27.5 25898 0.105706
29 28.5 0 0
30 29.5 0 0
5000000 30 245000 0 0.160021 27.8283
1 0.5 5561 0.022698
2 1.5 7042 0.0287429
3 2.5 24950 0.101837
4 3.5 8 3.26531e-05
5 4.5 0 0
6 5.5 13168 0.0537469
7 6.5 10970 0.0447755
8 7.5 2367 0.00966122
9 8.5 3734 0.0152408
10 9.5 23317 0.0951714
11 10.5 2444 0.00997551
12 11.5 0 0
13 12.5 3470 0.0141633
14 13.5 28393 0.11589
15 14.5 1334 0.0054449
16 15.5 29056 0.118596
17 16.5 1747 0.00713061
18 17.5 0 0
19 18.5 3439 0.0140367
20 19.5 18482 0.0754367
21 20.5 4263 0.0174
22 21.5 3961 0.0161673
23 22.5 8168 0.0333388
24 23.5 16730 0.0682857
25 24.5 5957 0.0243143
26 25.5 0 0
27 26.5 1792 0.00731429
28 27.5 24647 0.1006
29 28.5 0 0
30 29.5 0 0
5500000 30 245000 0 0.134254 27.8382
1 0.5 7595 0.031
2 1.5 5785 0.0236122
3 2.5 26214 0.106996
4 3.5 1 4.08163e-06
5 4.5 0 0
6 5.5 12305 0.0502245
7 6.5 11772 0.048049
8 7.5 2263 0.00923673
9 8.5 3185 0.013
10 9.5 23616 0.0963918
11 10.5 2859 0.0116694
12 11.5 0 0
13 12.5 2589 0.0105673
14 13.5 29074 0.118669
15 14.5 534 0.00217959
16 15.5 29750 0.121429
17 16.5 2053 0.00837959
18 17.5 0 0
19 18.5 2808 0.0114612
20 19.5 18364 0.0749551
21 20.5 5146 0.0210041
22 21.5 3745 0.0152857
23 22.5 7014 0.0286286
24 23.5 17768 0.0725224
25 24.5 6151 0.0251061
26 25.5 4 1.63265e-05
27 26.5 1449 0.00591429
28 27.5 22956 0.093698
29 28.5 0 0
30 29.5 0 0
6000000 30 245000 0 0.0971096 27.9108
1 0.5 10311 0.0420857
2 1.5 6751 0.0275551
3 2.5 25249 0.103057
4 3.5 0 0
5 4.5 0 0
6 5.5 10228 0.0417469
7 6.5 13760 0.0561633
8 7.5 2367 0.00966122
9 8.5 3852 0.0157224
10 9.5 23039 0.0940367
11 10.5 2754 0.0112408
12 11.5 0 0
13 12.5 2140 0.00873469
14 13.5 29479 0.120322
15 14.5 388 0.00158367
16 15.5 29800 0.121633
17 16.5 2193 0.00895102
18 17.5 0 0
19 18.5 2438 0.00995102
20 19.5 16421 0.0670245
21 20.5 7145 0.0291633
22 21.5 3873 0.0158082
23 22.5 6361 0.0259633
24 23.5 17518 0.071502
25 24.5 7211 0.0294327
26 25.5 33 0.000134694
27 26.5 739 0.00301633
28 27.5 20950 0.0855102
29 28.5 0 0
30 29.5 0 0
6500000 30 245000 0 0.0415507 27.8714
1 0.5 11961 0.0488204
2 1.5 5627 0.0229673
3 2.5 26347 0.107539
4 3.5 26 0.000106122
5 4.5 0 0
6 5.5 9572 0.0390694
7 6.5 14333 0.058502
8 7.5 2377 0.00970204
9 8.5 3765 0.0153673
10 9.5 22533 0.0919714
11 10.5 3420 0.0139592
12 11.5 0 0
13 12.5 1735 0.00708163
14 13.5 29371 0.119882
15 14.5 903 0.00368571
16 15.5 29485 0.120347
17 16.5 2506 0.0102286
18 17.5 0 0
19 18.5 2204 0.00899592
20 19.5 15446 0.0630449
21 20.5 8392 0.0342531
22 21.5 3612 0.0147429
23 22.5 5702 0.0232735
24 23.5 18143 0.0740531
25 24.5 7413 0.0302571
26 25.5 88 0.000359184
27 26.5 463 0.0018898
28 27.5 19576 0.079902
29 28.5 0 0
30 29.5 0 0
7000000 30 245000 0 0.0870761 27.8769
1 0.5 13989 0.057098
2 1.5 3915 0.0159796
3 2.5 28005 0.114306
4 3.5 80 0.000326531
5 4.5 0 0
6 5.5 8454 0.0345061
7 6.5 15157 0.0618653
8 7.5 2543 0.0103796
9 8.5 3086 0.0125959
10 9.5 22305 0.0910408
11 10.5 4455 0.0181837
12 11.5 0 0
13 12.5 1551 0.00633061
14 13.5 29119 0.118853
15 14.5 1331 0.00543265
16 15.5 28988 0.118318
17 16.5 3011 0.0122898
18 17.5 0 0
19 18.5 1630 0.00665306
20 19.5 15412 0.0629061
21 20.5 8930 0.036449
22 21.5 3362 0.0137224
23 22.5 4995 0.0203878
24 23.5 19007 0.0775796
25 24.5 7439 0.0303633
26 25.5 225 0.000918367
27 26.5 89 0.000363265
28 27.5 17922 0.073151
29 28.5 0 0
30 29.5 0 0
7500000 30 245000 0 0.114387 27.8433
1 0.5 16710 0.0682041
2 1.5 3930 0.0160408
3 2.5 27858 0.113706
4 3.5 241 0.000983673
5 4.5 0 0
6 5.5 7525 0.0307143
7 6.5 15860 0.0647347
8 7.5 2488 0.0101551
9 8.5 2485 0.0101429
10 9.5 22154 0.0904245
11 10.5 5488 0.0224
12 11.5 0 0
13 12.5 1560 0.00636735
14 13.5 28274 0.115404
15 14.5 2166 0.00884082
16 15.5 26898 0.109788
17 16.5 5102 0.0208245
18 17.5 0 0
19 18.5 2051 0.00837143
20 19.5 15172 0.0619265
21 20.5 8753 0.0357265
22 21.5 3085 0.0125918
23 22.5 5621 0.0229429
24 23.5 16674 0.0680571
25 24.5 9228 0.0376653
26 25.5 416 0.00169796
27 26.5 290 0.00118367
28 27.5 14971 0.0611061
29 28.5 0 0
30 29.5 0 0
8000000 30 245000 0 0.110054 27.8688
1 0.5 19820 0.080898
2 1.5 2957 0.0120694
3 2.5 28649 0.116935
4 3.5 458 0.00186939
5 4.5 0 0
6 5.5 6203 0.0253184
7 6.5 16962 0.0692327
8 7.5 2397 0.00978367
9 8.5 2351 0.00959592
10 9.5 20067 0.0819061
11 10.5 8020 0.0327347
12 11.5 0 0
13 12.5 873 0.00356327
14 13.5 28037 0.114437
15 14.5 3090 0.0126122
16 15.5 25251 0.103065
17 16.5 6749 0.0275469
18 17.5 0 0
19 18.5 859 0.00350612
20 19.5 16209 0.0661592
21 20.5 8794 0.0358939
22 21.5 2833 0.0115633
23 22.5 6238 0.0254612
24 23.5 15181 0.0619633
25 24.5 10130 0.0413469
26 25.5 756 0.00308571
27 26.5 77 0.000314286
28 27.5 12039 0.0491388
29 28.5 0 0
30 29.5 0 0
8500000 30 245000 0 0.100781 27.903
1 0.5 22615 0.0923061
2 1.5 1804 0.00736327
3 2.5 29450 0.120204
4 3.5 896 0.00365714
5 4.5 0 0
6 5.5 4087 0.0166816
7 6.5 18451 0.0753102
8 7.5 2645 0.0107959
9 8.5 2297 0.00937551
10 9.5 18425 0.0752041
11 10.5 10095 0.0412041
12 11.5 0 0
13 12.5 529 0.00215918
14 13.5 27265 0.111286
15 14.5 4206 0.0171673
16 15.5 23496 0.095902
17 16.5 8504 0.0347102
18 17.5 0 0
19 18.5 602 0.00245714
20 19.5 15727 0.0641918
21 20.5 9236 0.037698
22 21.5 2903 0.011849
23 22.5 5936 0.0242286
24 23.5 14946 0.0610041
25 24.5 10819 0.0441592
26 25.5 831 0.00339184
27 26.5 6 2.44898e-05
28 27.5 9229 0.0376694
29 28.5 0 0
30 29.5 0 0
9000000 30 245000 0 0.0939897 27.8959
1 0.5 24162 0.0986204
2 1.5 1700 0.00693878
3 2.5 28843 0.117727
4 3.5 1924 0.00785306
5 4.5 0 0
6 5.5 3108 0.0126857
7 6.5 18648 0.0761143
8 7.5 3334 0.0136082
9 8.5 2276 0.0092898
10 9.5 17474 0.0713224
11 10.5 11157 0.0455388
12 11.5 3 1.22449e-05
13 12.5 582 0.00237551
14 13.5 25178 0.102767
15 14.5 6240 0.0254694
16 15.5 20486 0.0836163
17 16.5 11514 0.0469959
18 17.5 0 0
19 18.5 265 0.00108163
20 19.5 15034 0.0613633
21 20.5 10008 0.040849
22 21.5 2954 0.0120571
23 22.5 5792 0.0236408
24 23.5 14620 0.0596735
25 24.5 11332 0.0462531
26 25.5 995 0.00406122
27 26.5 3 1.22449e-05
28 27.5 7368 0.0300735
29 28.5 0 0
30 29.5 0 0
9500000 30 245000 0 0.107284 27.9078
1 0.5 26123 0.106624
2 1.5 1744 0.00711837
3 2.5 27942 0.114049
4 3.5 3079 0.0125673
5 4.5 0 0
6 5.5 2555 0.0104286
7 6.5 18775 0.0766327
8 7.5 3977 0.0162327
9 8.5 1967 0.00802857
10 9.5 16184 0.0660571
11 10.5 12521 0.0511061
12 11.5 21 8.57143e-05
13 12.5 617 0.00251837
14 13.5 23279 0.0950163
15 14.5 8104 0.0330776
16 15.5 17238 0.0703592
17 16.5 14760 0.0602449
18 17.5 2 8.16327e-06
19 18.5 169 0.000689796
20 19.5 13792 0.0562939
21 20.5 11210 0.0457551
22 21.5 2938 0.0119918
23 22.5 5490 0.0224082
24 23.5 13946 0.0569224
25 24.5 12343 0.0503796
26 25.5 1112 0.00453878
27 26.5 0 0
28 27.5 5112 0.0208653
29 28.5 0 0
30 29.5 0 0
10000000 30 245000 0 0.117076 27.8679
1 0.5 26625 0.108673
2 1.5 2081 0.00849388
3 2.5 26494 0.108139
4 3.5 4675 0.0190816
5 4.5 0 0
6 5.5 2147 0.00876327
7 6.5 18256 0.0745143
8 7.5 5166 0.0210857
9 8.5 1565 0.00638776
10 9.5 14753 0.0602163
11 10.5 14061 0.0573918
12 11.5 52 0.000212245
13 12.5 480 0.00195918
14 13.5 19455 0.0794082
15 14.5 12065 0.0492449
16 15.5 12966 0.0529224
17 16.5 19013 0.0776041
18 17.5 21 8.57143e-05
19 18.5 5 2.04082e-05
20 19.5 12086 0.0493306
21 20.5 12360 0.050449
22 21.5 3551 0.0144939
23 22.5 4870 0.0198776
24 23.5 13120 0.053551
25 24.5 13585 0.055449
26 25.5 1423 0.00580816
27 26.5 0 0
28 27.5 4125 0.0168367
29 28.5 0 0
30 29.5 0 0
10500000 30 245000 0 0.155771 27.8902
1 0.5 26269 0.10722
2 1.5 2934 0.0119755
3 2.5 24107 0.0983959
4 3.5 7424 0.030302
5 4.5 0 0
6 5.5 1261 0.00514694
7 6.5 18381 0.0750245
8 7.5 5364 0.0218939
9 8.5 2000 0.00816327
10 9.5 11785 0.048102
11 10.5 17025 0.0694898
12 11.5 184 0.00075102
13 12.5 0 0
14 13.5 16026 0.0654122
15 14.5 15974 0.0652
16 15.5 9039 0.0368939
17 16.5 22915 0.0935306
18 17.5 46 0.000187755
19 18.5 0 0
20 19.5 9816 0.0400653
21 20.5 14161 0.0578
22 21.5 3901 0.0159224
23 22.5 4143 0.0169102
24 23.5 13373 0.0545837
25 24.5 13589 0.0554653
26 25.5 2017 0.00823265
27 26.5 0 0
28 27.5 3266 0.0133306
29 28.5 0 0
30 29.5 0 0
11000000 30 245000 0 0.165443 27.8453
1 0.5 24787 0.101171
2 1.5 4597 0.0187633
3 2.5 22435 0.0915714
4 3.5 9296 0.0379429
5 4.5 0 0
6 5.5 868 0.00354286
7 6.5 17823 0.0727469
8 7.5 6309 0.025751
9 8.5 2022 0.00825306
10 9.5 10766 0.0439429
11 10.5 18061 0.0737184
12 11.5 151 0.000616327
13 12.5 17 6.93878e-05
14 13.5 11776 0.0480653
15 14.5 20207 0.0824776
16 15.5 5553 0.0226653
17 16.5 26304 0.107363
18 17.5 143 0.000583673
19 18.5 0 0
20 19.5 8085 0.033
21 20.5 15639 0.0638327
22 21.5 3935 0.0160612
23 22.5 4200 0.0171429
24 23.5 12385 0.050551
25 24.5 14354 0.0585878
26 25.5 2402 0.00980408
27 26.5 0 0
28 27.5 2885 0.0117755
29 28.5 0 0
30 29.5 0 0
11500000 30 245000 0 0.0906076 27.8424
1 0.5 23148 0.0944816
2 1.5 6502 0.0265388
3 2.5 20443 0.0834408
4 3.5 11484 0.0468735
5 4.5 0 0
6 5.5 589 0.00240408
7 6.5 17451 0.0712286
8 7.5 6955 0.0283878
9 8.5 1982 0.0080898
10 9.5 8966 0.0365959
11 10.5 19180 0.0782857
12 11.5 877 0.00357959
13 12.5 0 0
14 13.5 7432 0.0303347
15 14.5 24568 0.100278
16 15.5 3397 0.0138653
17 16.5 27913 0.113931
18 17.5 690 0.00281633
19 18.5 0 0
20 19.5 6778 0.0276653
21 20.5 16410 0.0669796
22 21.5 4242 0.0173143
23 22.5 4019 0.0164041
24 23.5 11616 0.0474122
25 24.5 14666 0.0598612
26 25.5 3269 0.0133429
27 26.5 0 0
28 27.5 2423 0.0098898
29 28.5 0 0
30 29.5 0 0
12000000 30 245000 0 0.157597 27.8621
1 0.5 19373 0.0790735
2 1.5 10390 0.0424082
3 2.5 18153 0.0740939
4 3.5 13735 0.0560612
5 4.5 0 0
6 5.5 233 0.00095102
7 6.5 17234 0.0703429
8 7.5 7521 0.030698
9 8.5 1892 0.00772245
10 9.5 6886 0.0281061
11 10.5 21322 0.0870286
12 11.5 912 0.00372245
13 12.5 0 0
14 13.5 4783 0.0195224
15 14.5 27217 0.11109
16 15.5 2007 0.00819184
17 16.5 28975 0.118265
18 17.5 1018 0.0041551
19 18.5 0 0
20 19.5 5273 0.0215224
21 20.5 17581 0.0717592
22 21.5 4077 0.0166408
23 22.5 3993 0.016298
24 23.5 11393 0.046502
25 24.5 15177 0.0619469
26 25.5 3506 0.0143102
27 26.5 0 0
28 27.5 2349 0.00958776
29 28.5 0 0
30 29.5 0 0
12500000 30 245000 0 0.185728 27.8432
1 0.5 16355 0.0667551
2 1.5 14640 0.0597551
3 2.5 14364 0.0586286
4 3.5 17628 0.071951
5 4.5 0 0
6 5.5 17 6.93878e-05
7 6.5 15469 0.0631388
8 7.5 9366 0.0382286
9 8.5 2136 0.00871837
10 9.5 5690 0.0232245
11 10.5 22543 0.0920122
12 11.5 779 0.00317959
13 12.5 2 8.16327e-06
14 13.5 3496 0.0142694
15 14.5 28485 0.116265
16 15.5 1493 0.00609388
17 16.5 29210 0.119224
18 17.5 1314 0.00536327
19 18.5 0 0
20 19.5 4639 0.0189347
21 20.5 17598 0.0718286
22 21.5 4777 0.019498
23 22.5 3525 0.0143878
24 23.5 11241 0.0458816
25 24.5 15690 0.0640408
26 25.5 3530 0.0144082
27 26.5 0 0
28 27.5 1013 0.00413469
29 28.5 0 0
30 29.5 0 0
13000000 30 245000 0 0.189243 27.8986
1 0.5 13623 0.0556041
2 1.5 18012 0.0735184
3 2.5 10818 0.0441551
4 3.5 21176 0.0864327
5 4.5 0 0
6 5.5 0 0
7 6.5 14301 0.0583714
8 7.5 10333 0.0421755
9 8.5 2265 0.0092449
10 9.5 4846 0.0197796
11 10.5 22478 0.0917469
12 11.5 1777 0.00725306
13 12.5 3 1.22449e-05
14 13.5 2108 0.00860408
15 14.5 29769 0.121506
16 15.5 630 0.00257143
17 16.5 29477 0.120314
18 17.5 2013 0.00821633
19 18.5 0 0
20 19.5 3505 0.0143061
21 20.5 17475 0.0713265
22 21.5 5701 0.0232694
23 22.5 3437 0.0140286
24 23.5 10528 0.0429714
25 24.5 15497 0.0632531
26 25.5 4844 0.0197714
27 26.5 13 5.30612e-05
28 27.5 371 0.00151429
29 28.5 0 0
30 29.5 0 0
13500000 30 245000 0 0.18621 27.8066
1 0.5 11996 0.0489633
2 1.5 19924 0.0813224
3 2.5 9381 0.0382898
4 3.5 22615 0.0923061
5 4.5 4 1.63265e-05
6 5.5 0 0
7 6.5 12862 0.052498
8 7.5 11309 0.0461592
9 8.5 2468 0.0100735
10 9.5 4829 0.0197102
11 10.5 22093 0.0901755
12 11.5 2439 0.0099551
13 12.5 0 0
14 13.5 1690 0.00689796
15 14.5 29702 0.121233
16 15.5 654 0.00266939
17 16.5 29244 0.119363
18 17.5 2710 0.0110612
19 18.5 0 0
20 19.5 2469 0.0100776
21 20.5 17035 0.0695306
22 21.5 6605 0.0269592
23 22.5 3646 0.0148816
24 23.5 9250 0.0377551
25 24.5 15011 0.0612694
26 25.5 6812 0.0278041
27 26.5 172 0.000702041
28 27.5 80 0.000326531
29 28.5 0 0
30 29.5 0 0
14000000 30 245000 0 0.246912 27.7021
1 0.5 7346 0.0299837
2 1.5 24650 0.100612
3 2.5 5861 0.0239224
4 3.5 26081 0.106453
5 4.5 60 0.000244898
6 5.5 0 0
7 6.5 10168 0.041502
8 7.5 13625 0.0556122
9 8.5 2594 0.0105878
10 9.5 3409 0.0139143
11 10.5 22366 0.0912898
12 11.5 3838 0.0156653
13 12.5 0 0
14 13.5 1424 0.00581224
15 14.5 29092 0.118743
16 15.5 1506 0.00614694
17 16.5 27725 0.113163
18 17.5 4253 0.0173592
19 18.5 0 0
20 19.5 1900 0.0077551
21 20.5 16176 0.0660245
22 21.5 7745 0.0316122
23 22.5 3620 0.0147755
24 23.5 8314 0.0339347
25 24.5 15093 0.0616041
26 25.5 7956 0.0324735
27 26.5 196 0.0008
28 27.5 2 8.16327e-06
29 28.5 0 0
30 29.5 0 0
14500000 30 245000 0 0.24297 26.311
1 0.5 5513 0.022502
2 1.5 26446 0.107943
3 2.5 4472 0.0182531
4 3.5 27107 0.110641
5 4.5 462 0.00188571
6 5.5 0 0
7 6.5 7619 0.031098
8 7.5 15664 0.0639347
9 8.5 2075 0.00846939
10 9.5 3637 0.0148449
11 10.5 20692 0.0844571
12 11.5 6313 0.0257673
13 12.5 0 0
14 13.5 1082 0.00441633
15 14.5 28126 0.1148
16 15.5 2792 0.0113959
17 16.5 25712 0.104947
18 17.5 6288 0.0256653
19 18.5 0 0
20 19.5 934 0.00381224
21 20.5 16189 0.0660776
22 21.5 8379 0.0342
23 22.5 3204 0.0130776
24 23.5 7467 0.0304776
25 24.5 15585 0.0636122
26 25.5 8810 0.0359592
27 26.5 432 0.00176327
28 27.5 0 0
29 28.5 0 0
30 29.5 0 0
15000000 30 245000 0 0.373362 26.4878
1 0.5 4336 0.017698
2 1.5 27480 0.112163
3 2.5 2826 0.0115347
4 3.5 28161 0.114943
5 4.5 1197 0.00488571
6 5.5 0 0
7 6.5 5221 0.0213102
8 7.5 17506 0.0714531
9 8.5 2304 0.00940408
10 9.5 2937 0.0119878
11 10.5 18705 0.0763469
12 11.5 9327 0.0380694
13 12.5 0 0
14 13.5 580 0.00236735
15 14.5 26368 0.107624
16 15.5 5052 0.0206204
17 16.5 22838 0.0932163
18 17.5 9162 0.0373959
19 18.5 0 0
20 19.5 379 0.00154694
21 20.5 14964 0.0610776
22 21.5 9898 0.0404
23 22.5 2899 0.0118327
24 23.5 7012 0.0286204
25 24.5 15724 0.0641796
26 25.5 9425 0.0384694
27 26.5 699 0.00285306
28 27.5 0 0
29 28.5 0 0
30 29.5 0 0
15500000 30 245000 0 0.473652 26.5913
1 0.5 3836 0.0156571
2 1.5 27448 0.112033
3 2.5 2338 0.00954286
4 3.5 27954 0.114098
5 4.5 2424 0.00989388
6 5.5 0 0
7 6.5 3678 0.0150122
8 7.5 18008 0.073502
9 8.5 3358 0.0137061
10 9.5 2671 0.010902
11 10.5 16047 0.065498
12 11.5 12228 0.0499102
13 12.5 10 4.08163e-05
14 13.5 205 0.000836735
15 14.5 23720 0.0968163
16 15.5 8075 0.0329592
17 16.5 18210 0.0743265
18 17.5 13790 0.0562857
19 18.5 0 0
20 19.5 35 0.000142857
21 20.5 13709 0.0559551
22 21.5 11187 0.0456612
23 22.5 3122 0.0127429
24 23.5 5757 0.023498
25 24.5 15512 0.0633143
26 25.5 10608 0.043298
27 26.5 1070 0.00436735
28 27.5 0 0
29 28.5 0 0
30 29.5 0 0
16000000 30 245000 0 0.592096 26.6344
1 0.5 2163 0.00882857
2 1.5 28476 0.116229
3 2.5 2427 0.00990612
4 3.5 25534 0.10422
5 4.5 5400 0.0220408
6 5.5 0 0
7 6.5 989 0.00403673
8 7.5 19627 0.0801102
9 8.5 4404 0.0179755
10 9.5 2119 0.00864898
11 10.5 14681 0.0599224
12 11.5 14150 0.0577551
13 12.5 30 0.000122449
14 13.5 318 0.00129796
15 14.5 19332 0.0789061
16 15.5 12350 0.0504082
17 16.5 13411 0.0547388
18 17.5 18587 0.0758653
19 18.5 2 8.16327e-06
20 19.5 0 0
21 20.5 12192 0.0497633
22 21.5 12436 0.0507592
23 22.5 3376 0.0137796
24 23.5 5208 0.0212571
25 24.5 14645 0.0597755
26 25.5 11781 0.0480857
27 26.5 1362 0.00555918
28 27.5 0 0
29 28.5 0 0
30 29.5 0 0
16500000 30 245000 0 0.615837 26.7833
1 0.5 1927 0.00786531
2 1.5 28407 0.115947
3 2.5 2712 0.0110694
4 3.5 24903 0.101645
5 4.5 6051 0.024698
6 5.5 0 0
7 6.5 965 0.00393878
8 7.5 18608 0.075951
9 8.5 5427 0.022151
10 9.5 2218 0.00905306
11 10.5 12174 0.0496898
12 11.5 16231 0.066249
13 12.5 377 0.00153878
14 13.5 1000 0.00408163
15 14.5 11857 0.0483959
16 15.5 19143 0.0781347
17 16.5 7294 0.0297714
18 17.5 24580 0.100327
19 18.5 126 0.000514286
20 19.5 3 1.22449e-05
21 20.5 9872 0.0402939
22 21.5 14023 0.0572367
23 22.5 4082 0.0166612
24 23.5 4872 0.0198857
25 24.5 11592 0.0473143
26 25.5 14942 0.0609878
27 26.5 1614 0.00658776
28 27.5 0 0
29 28.5 0 0
30 29.5 0 0
17000000 30 245000 0 0.653466 26.9146
1 0.5 952 0.00388571
2 1.5 27404 0.111853
3 2.5 4551 0.0185755
4 3.5 22017 0.0898653
5 4.5 9076 0.0370449
6 5.5 0 0
7 6.5 569 0.00232245
8 7.5 18055 0.0736939
9 8.5 6374 0.0260163
10 9.5 1880 0.00767347
11 10.5 11196 0.045698
12 11.5 16824 0.0686694
13 12.5 1102 0.00449796
14 13.5 1000 0.00408163
15 14.5 7031 0.028698
16 15.5 23969 0.0978327
17 16.5 4206 0.0171673
18 17.5 27321 0.111514
19 18.5 473 0.00193061
20 19.5 1 4.08163e-06
21 20.5 7711 0.0314735
22 21.5 15605 0.0636939
23 22.5 4543 0.0185429
24 23.5 4160 0.0169796
25 24.5 11160 0.045551
26 25.5 15559 0.0635061
27 26.5 2261 0.00922857
28 27.5 0 0
29 28.5 0 0
30 29.5 0 0
17500000 30 245000 0 0.75895 26.9775
1 0.5 133 0.000542857
2 1.5 24330 0.0993061
3 2.5 8016 0.0327184
4 3.5 18964 0.0774041
5 4.5 12557 0.0512531
6 5.5 0 0
7 6.5 97 0.000395918
8 7.5 17387 0.0709673
9 8.5 7499 0.0306082
10 9.5 1109 0.00452653
11 10.5 10450 0.0426531
12 11.5 17849 0.0728531
13 12.5 1609 0.00656735
14 13.5 998 0.00407347
15 14.5 3985 0.0162653
16 15.5 27009 0.110241
17 16.5 2585 0.010551
18 17.5 28286 0.115453
19 18.5 1137 0.00464082
20 19.5 0 0
21 20.5 6284 0.025649
22 21.5 16393 0.0669102
23 22.5 4946 0.0201878
24 23.5 3398 0.0138694
25 24.5 11114 0.0453633
26 25.5 15765 0.0643469
27 26.5 3100 0.0126531
28 27.5 0 0
29 28.5 0 0
30 29.5 0 0
18000000 30 245000 0 0.952647 27.0614
1 0.5 11 4.4898e-05
2 1.5 19123 0.0780531
3 2.5 12920 0.0527347
4 3.5 14887 0.0607633
5 4.5 17059 0.0696286
6 5.5 0 0
7 6.5 0 0
8 7.5 15644 0.0638531
9 8.5 9129 0.0372612
10 9.5 1695 0.00691837
11 10.5 7815 0.031898
12 11.5 19846 0.0810041
13 12.5 1871 0.00763673
14 13.5 1000 0.00408163
15 14.5 2733 0.0111551
16 15.5 28162 0.114947
17 16.5 1917 0.00782449
18 17.5 28368 0.115788
19 18.5 1820 0.00742857
20 19.5 0 0
21 20.5 5142 0.0209878
22 21.5 16037 0.0654571
23 22.5 5933 0.0242163
24 23.5 3300 0.0134694
25 24.5 10265 0.041898
26 25.5 16190 0.0660816
27 26.5 4111 0.0167796
28 27.5 22 8.97959e-05
29 28.5 0 0
30 29.5 0 0
18500000 30 245000 0 1.17311 27.1505
1 0.5 0 0
2 1.5 11034 0.0450367
3 2.5 20966 0.0855755
4 3.5 9391 0.0383306
5 4.5 22559 0.0920776
6 5.5 50 0.000204082
7 6.5 0 0
8 7.5 12906 0.0526776
9 8.5 11450 0.0467347
10 9.5 2389 0.00975102
11 10.5 5551 0.0226571
12 11.5 21412 0.0873959
13 12.5 2292 0.0093551
14 13.5 248 0.00101224
15 14.5 2475 0.010102
16 15.5 28690 0.117102
17 16.5 2002 0.00817143
18 17.5 27896 0.113861
19 18.5 2689 0.0109755
20 19.5 0 0
21 20.5 3240 0.0132245
22 21.5 16651 0.0679633
23 22.5 6240 0.0254694
24 23.5 3750 0.0153061
25 24.5 9481 0.038698
26 25.5 15800 0.0644898
27 26.5 5770 0.023551
28 27.5 68 0.000277551
29 28.5 0 0
30 29.5 0 0
19000000 30 245000 0 1.22457 27.3755
1 0.5 0 0
2 1.5 7645 0.0312041
3 2.5 24339 0.0993429
4 3.5 5678 0.0231755
5 4.5 26143 0.106706
6 5.5 195 0.000795918
7 6.5 0 0
8 7.5 11365 0.0463878
9 8.5 12149 0.0495878
10 9.5 2199 0.00897551
11 10.5 5046 0.0205959
12 11.5 19618 0.0800735
13 12.5 5623 0.022951
14 13.5 10 4.08163e-05
15 14.5 1486 0.00606531
16 15.5 28575 0.116633
17 16.5 2076 0.00847347
18 17.5 27091 0.110576
19 18.5 4762 0.0194367
20 19.5 0 0
21 20.5 1271 0.00518776
22 21.5 16672 0.068049
23 22.5 7980 0.0325714
24 23.5 3410 0.0139184
25 24.5 8121 0.0331469
26 25.5 15476 0.0631673
27 26.5 7501 0.0306163
28 27.5 569 0.00232245
29 28.5 0 0
30 29.5 0 0
19500000 30 245000 0 1.26736 27.4402
1 0.5 0 0
2 1.5 5101 0.0208204
3 2.5 26643 0.108747
4 3.5 3343 0.0136449
5 4.5 27246 0.111208
6 5.5 1667 0.00680408
7 6.5 0 0
8 7.5 7563 0.0308694
9 8.5 15182 0.0619673
10 9.5 2355 0.00961224
11 10.5 3965 0.0161837
12 11.5 18586 0.0758612
13 12.5 8349 0.0340776
14 13.5 1 4.08163e-06
15 14.5 1212 0.00494694
16 15.5 26666 0.108841
17 16.5 4130 0.0168571
18 17.5 23749 0.0969347
19 18.5 8242 0.0336408
20 19.5 0 0
21 20.5 316 0.0012898
22 21.5 15530 0.0633878
23 22.5 9610 0.0392245
24 23.5 2861 0.0116776
25 24.5 7539 0.0307714
26 25.5 15152 0.0618449
27 26.5 9085 0.0370816
28 27.5 907 0.00370204
29 28.5 0 0
30 29.5 0 0
20000000 30 245000 0 1.46347 27.543
1 0.5 0 0
2 1.5 3323 0.0135633
3 2.5 27965 0.114143
4 3.5 2261 0.00922857
5 4.5 28190 0.115061
6 5.5 2261 0.00922857
7 6.5 0 0
8 7.5 3311 0.0135143
9 8.5 17812 0.072702
10 9.5 3879 0.0158327
11 10.5 2733 0.0111551
12 11.5 16988 0.0693388
13 12.5 11273 0.0460122
14 13.5 4 1.63265e-05
15 14.5 1041 0.00424898
16 15.5 22616 0.0923102
17 16.5 8343 0.0340531
18 17.5 18464 0.0753633
19 18.5 13536 0.055249
20 19.5 0 0
21 20.5 58 0.000236735
22 21.5 13674 0.0558122
23 22.5 11491 0.046902
24 23.5 2806 0.0114531
25 24.5 6735 0.0274898
26 25.5 15063 0.0614816
27 26.5 10190 0.0415918
28 27.5 983 0.00401224
29 28.5 0 0
30 29.5 0 0
20500000 30 245000 0 0.31017 27.7341
1 0.5 2 8.16327e-06
2 1.5 1786 0.0072898
3 2.5 28501 0.116331
4 3.5 2636 0.0107592
5 4.5 24516 0.100065
6 5.5 6561 0.0267796
7 6.5 0 0
8 7.5 988 0.00403265
9 8.5 18833 0.0768694
10 9.5 5179 0.0211388
11 10.5 2081 0.00849388
12 11.5 14696 0.0599837
13 12.5 14200 0.0579592
14 13.5 23 9.38776e-05
15 14.5 991 0.0040449
16 15.5 17201 0.0702082
17 16.5 13808 0.0563592
18 17.5 12443 0.0507878
19 18.5 19550 0.0797959
20 19.5 7 2.85714e-05
21 20.5 0 0
22 21.5 11750 0.0479592
23 22.5 12903 0.0526653
24 23.5 3348 0.0136653
25 24.5 5437 0.0221918
26 25.5 14429 0.0588939
27 26.5 11712 0.0478041
28 27.5 1419 0.00579184
29 28.5 0 0
30 29.5 0 0
21000000 30 245000 0 0.189227 27.7768
1 0.5 37 0.00015102
2 1.5 666 0.00271837
3 2.5 27883 0.113808
4 3.5 4244 0.0173224
5 4.5 21097 0.0861102
6 5.5 10110 0.0412653
7 6.5 0 0
8 7.5 153 0.00062449
9 8.5 18441 0.0752694
10 9.5 6427 0.0262327
11 10.5 2024 0.00826122
12 11.5 11188 0.0456653
13 12.5 17406 0.0710449
14 13.5 361 0.00147347
15 14.5 997 0.00406939
16 15.5 10825 0.0441837
17 16.5 20178 0.0823592
18 17.5 7333 0.0299306
19 18.5 24418 0.0996653
20 19.5 249 0.00101633
21 20.5 0 0
22 21.5 8745 0.0356939
23 22.5 14889 0.0607714
24 23.5 4321 0.0176367
25 24.5 4021 0.0164122
26 25.5 12709 0.0518735
27 26.5 14454 0.0589959
28 27.5 1824 0.0074449
29 28.5 0 0
30 29.5 0 0
