# Histogrammed data for fix 11
# TimeStep Number-of-bins Total-counts Missing-counts Min-value Max-value
# Bin Coord Count Count/Total
500000 30 290000 0 2.72353 26.0793
1 0.5 0 0
2 1.5 0 0
3 2.5 122 0.00042069
4 3.5 18624 0.0642207
5 4.5 33824 0.116634
6 5.5 16261 0.0560724
7 6.5 13785 0.0475345
8 7.5 13473 0.0464586
9 8.5 10794 0.0372207
10 9.5 18428 0.0635448
11 10.5 18043 0.0622172
12 11.5 2646 0.00912414
13 12.5 0 0
14 13.5 0 0
15 14.5 0 0
16 15.5 0 0
17 16.5 3138 0.0108207
18 17.5 26341 0.090831
19 18.5 23626 0.081469
20 19.5 13363 0.0460793
21 20.5 12502 0.0431103
22 21.5 10897 0.0375759
23 22.5 9297 0.0320586
24 23.5 13028 0.0449241
25 24.5 21708 0.0748552
26 25.5 10095 0.0348103
27 26.5 5 1.72414e-05
28 27.5 0 0
29 28.5 0 0
30 29.5 0 0
1000000 30 290000 0 2.68163 26.107
1 0.5 0 0
2 1.5 0 0
3 2.5 154 0.000531034
4 3.5 17849 0.0615483
5 4.5 34822 0.120076
6 5.5 17341 0.0597966
7 6.5 12730 0.0438966
8 7.5 13486 0.0465034
9 8.5 10610 0.0365862
10 9.5 17528 0.0604414
11 10.5 19062 0.065731
12 11.5 2418 0.00833793
13 12.5 0 0
14 13.5 0 0
15 14.5 0 0
16 15.5 0 0
17 16.5 3254 0.0112207
18 17.5 24678 0.0850966
19 18.5 25285 0.0871897
20 19.5 13826 0.0476759
21 20.5 11410 0.0393448
22 21.5 12884 0.0444276
23 22.5 10585 0.0365
24 23.5 12879 0.0444103
25 24.5 19002 0.0655241
26 25.5 10190 0.0351379
27 26.5 7 2.41379e-05
28 27.5 0 0
29 28.5 0 0
30 29.5 0 0
1500000 30 290000 0 2.86914 26.1138
1 0.5 0 0
2 1.5 0 0
3 2.5 19 6.55172e-05
4 3.5 13966 0.0481586
5 4.5 33609 0.115893
6 5.5 21659 0.0746862
7 6.5 12802 0.0441448
8 7.5 13150 0.0453448
9 8.5 12654 0.0436345
10 9.5 17699 0.061031
11 10.5 17680 0.0609655
12 11.5 2762 0.00952414
13 12.5 0 0
14 13.5 0 0
15 14.5 0 0
16 15.5 0 0
17 16.5 3031 0.0104517
18 17.5 21416 0.0738483
19 18.5 24573 0.0847345
20 19.5 16281 0.0561414
21 20.5 14698 0.0506828
22 21.5 13135 0.0452931
23 22.5 9823 0.0338724
24 23.5 11299 0.0389621
25 24.5 21292 0.0734207
26 25.5 8446 0.0291241
27 26.5 6 2.06897e-05
28 27.5 0 0
29 28.5 0 0
30 29.5 0 0
2000000 30 290000 0 2.92292 26.0678
1 0.5 0 0
2 1.5 0 0
3 2.5 9 3.10345e-05
4 3.5 12782 0.0440759
5 4.5 31952 0.110179
6 5.5 23723 0.0818034
7 6.5 12345 0.042569
8 7.5 14888 0.0513379
9 8.5 13005 0.0448448
10 9.5 15740 0.0542759
11 10.5 18420 0.0635172
12 11.5 3136 0.0108138
13 12.5 0 0
14 13.5 0 0
15 14.5 0 0
16 15.5 0 0
17 16.5 1589 0.00547931
18 17.5 22832 0.078731
19 18.5 23380 0.0806207
20 19.5 15389 0.0530655
21 20.5 14852 0.0512138
22 21.5 15541 0.0535897
23 22.5 9696 0.0334345
24 23.5 10454 0.0360483
25 24.5 20578 0.0709586
26 25.5 9683 0.0333897
27 26.5 6 2.06897e-05
28 27.5 0 0
29 28.5 0 0
30 29.5 0 0
2500000 30 290000 0 3.11802 26.0192
1 0.5 0 0
2 1.5 0 0
3 2.5 0 0
4 3.5 9058 0.0312345
5 4.5 34450 0.118793
6 5.5 23979 0.0826862
7 6.5 12052 0.0415586
8 7.5 14963 0.0515966
9 8.5 11603 0.0400103
10 9.5 16226 0.0559517
11 10.5 19566 0.067469
12 11.5 4102 0.0141448
13 12.5 1 3.44828e-06
14 13.5 0 0
15 14.5 0 0
16 15.5 0 0
17 16.5 1590 0.00548276
18 17.5 20006 0.0689862
19 18.5 26116 0.0900552
20 19.5 14804 0.0510483
21 20.5 14632 0.0504552
22 21.5 17466 0.0602276
23 22.5 9301 0.0320724
24 23.5 10858 0.0374414
25 24.5 20867 0.0719552
26 25.5 8359 0.0288241
27 26.5 1 3.44828e-06
28 27.5 0 0
29 28.5 0 0
30 29.5 0 0
3000000 30 290000 0 3.06366 25.8823
1 0.5 0 0
2 1.5 0 0
3 2.5 0 0
4 3.5 5133 0.0177
5 4.5 35083 0.120976
6 5.5 23441 0.080831
7 6.5 10850 0.0374138
8 7.5 14035 0.0483966
9 8.5 11922 0.0411103
10 9.5 16854 0.0581172
11 10.5 23197 0.0799897
12 11.5 5485 0.0189138
13 12.5 0 0
14 13.5 0 0
15 14.5 0 0
16 15.5 0 0
17 16.5 403 0.00138966
18 17.5 25518 0.0879931
19 18.5 23711 0.0817621
20 19.5 15242 0.0525586
21 20.5 10368 0.0357517
22 21.5 17724 0.0611172
23 22.5 10642 0.0366966
24 23.5 11860 0.0408966
25 24.5 22566 0.0778138
26 25.5 5966 0.0205724
27 26.5 0 0
28 27.5 0 0
29 28.5 0 0
30 29.5 0 0
3500000 30 290000 0 3.14256 25.869
1 0.5 0 0
2 1.5 0 0
3 2.5 0 0
4 3.5 3923 0.0135276
5 4.5 33720 0.116276
6 5.5 24529 0.0845828
7 6.5 12095 0.0417069
8 7.5 14439 0.0497897
9 8.5 11575 0.0399138
10 9.5 15514 0.0534966
11 10.5 24350 0.0839655
12 11.5 5854 0.0201862
13 12.5 1 3.44828e-06
14 13.5 0 0
15 14.5 0 0
16 15.5 0 0
17 16.5 103 0.000355172
18 17.5 24381 0.0840724
19 18.5 24710 0.0852069
20 19.5 13713 0.0472862
21 20.5 11178 0.0385448
22 21.5 17827 0.0614724
23 22.5 10431 0.035969
24 23.5 12843 0.0442862
25 24.5 22574 0.0778414
26 25.5 6240 0.0215172
27 26.5 0 0
28 27.5 0 0
29 28.5 0 0
30 29.5 0 0
4000000 30 290000 0 3.21689 25.8043
1 0.5 0 0
2 1.5 0 0
3 2.5 0 0
4 3.5 3645 0.012569
5 4.5 32830 0.113207
6 5.5 25065 0.086431
7 6.5 11510 0.0396897
8 7.5 14724 0.0507724
9 8.5 11816 0.0407448
10 9.5 15492 0.0534207
11 10.5 23400 0.0806897
12 11.5 7518 0.0259241
13 12.5 0 0
14 13.5 0 0
15 14.5 0 0
16 15.5 0 0
17 16.5 55 0.000189655
18 17.5 20754 0.0715655
19 18.5 25401 0.0875897
20 19.5 14489 0.0499621
21 20.5 11115 0.0383276
22 21.5 19569 0.0674793
23 22.5 10221 0.0352448
24 23.5 12666 0.0436759
25 24.5 23672 0.0816276
26 25.5 6058 0.0208897
27 26.5 0 0
28 27.5 0 0
29 28.5 0 0
30 29.5 0 0
4500000 30 290000 0 3.23443 26.0244
1 0.5 0 0
2 1.5 0 0
3 2.5 0 0
4 3.5 3515 0.0121207
5 4.5 30938 0.106683
6 5.5 27525 0.0949138
7 6.5 10466 0.0360897
8 7.5 11838 0.0408207
9 8.5 11177 0.0385414
10 9.5 15549 0.0536172
11 10.5 25029 0.0863069
12 11.5 9963 0.0343552
13 12.5 0 0
14 13.5 0 0
15 14.5 0 0
16 15.5 0 0
17 16.5 60 0.000206897
18 17.5 18660 0.0643448
19 18.5 26951 0.0929345
20 19.5 15617 0.0538517
21 20.5 11245 0.0387759
22 21.5 17881 0.0616586
23 22.5 11526 0.0397448
24 23.5 11409 0.0393414
25 24.5 22766 0.0785034
26 25.5 7884 0.0271862
27 26.5 1 3.44828e-06
28 27.5 0 0
29 28.5 0 0
30 29.5 0 0
5000000 30 290000 0 3.15874 25.9776
1 0.5 0 0
2 1.5 0 0
3 2.5 0 0
4 3.5 2893 0.00997586
5 4.5 29454 0.101566
6 5.5 29273 0.100941
7 6.5 10048 0.0346483
8 7.5 12107 0.0417483
9 8.5 11258 0.0388207
10 9.5 15040 0.0518621
11 10.5 24457 0.0843345
12 11.5 11470 0.0395517
13 12.5 0 0
14 13.5 0 0
15 14.5 0 0
16 15.5 0 0
17 16.5 35 0.00012069
18 17.5 16324 0.0562897
19 18.5 29346 0.101193
20 19.5 13628 0.0469931
21 20.5 10403 0.0358724
22 21.5 17663 0.0609069
23 22.5 12558 0.0433034
24 23.5 12067 0.0416103
25 24.5 22759 0.0784793
26 25.5 9217 0.0317828
27 26.5 0 0
28 27.5 0 0
29 28.5 0 0
30 29.5 0 0
5500000 30 290000 0 3.2054 26.101
1 0.5 0 0
2 1.5 0 0
3 2.5 0 0
4 3.5 2665 0.00918966
5 4.5 27592 0.0951448
6 5.5 31360 0.108138
7 6.5 10793 0.0372172
8 7.5 12887 0.0444379
9 8.5 10836 0.0373655
10 9.5 11873 0.0409414
11 10.5 24233 0.0835621
12 11.5 13756 0.0474345
13 12.5 5 1.72414e-05
14 13.5 0 0
15 14.5 0 0
16 15.5 0 0
17 16.5 1 3.44828e-06
18 17.5 14927 0.0514724
19 18.5 29117 0.100403
20 19.5 13562 0.0467655
21 20.5 10864 0.0374621
22 21.5 16750 0.0577586
23 22.5 11127 0.038369
24 23.5 13672 0.0471448
25 24.5 22379 0.077169
26 25.5 11600 0.04
27 26.5 1 3.44828e-06
28 27.5 0 0
29 28.5 0 0
30 29.5 0 0
6000000 30 290000 0 3.34992 26.0375
1 0.5 0 0
2 1.5 0 0
3 2.5 0 0
4 3.5 2858 0.00985517
5 4.5 26904 0.0927724
6 5.5 31522 0.108697
7 6.5 11352 0.0391448
8 7.5 14116 0.0486759
9 8.5 10535 0.0363276
10 9.5 9015 0.0310862
11 10.5 23666 0.0816069
12 11.5 16022 0.0552483
13 12.5 10 3.44828e-05
14 13.5 0 0
15 14.5 0 0
16 15.5 0 0
17 16.5 1 3.44828e-06
18 17.5 13362 0.0460759
19 18.5 29434 0.101497
20 19.5 13778 0.0475103
21 20.5 11397 0.0393
22 21.5 16502 0.0569034
23 22.5 14773 0.0509414
24 23.5 11673 0.0402517
25 24.5 21555 0.0743276
26 25.5 11523 0.0397345
27 26.5 2 6.89655e-06
28 27.5 0 0
29 28.5 0 0
30 29.5 0 0
6500000 30 290000 0 3.36506 26.017
1 0.5 0 0
2 1.5 0 0
3 2.5 0 0
4 3.5 2447 0.00843793
5 4.5 26273 0.0905966
6 5.5 31404 0.10829
7 6.5 10848 0.0374069
8 7.5 13622 0.0469724
9 8.5 10454 0.0360483
10 9.5 9515 0.0328103
11 10.5 22011 0.0759
12 11.5 19414 0.0669448
13 12.5 12 4.13793e-05
14 13.5 0 0
15 14.5 0 0
16 15.5 0 0
17 16.5 0 0
18 17.5 11778 0.0406138
19 18.5 29948 0.103269
20 19.5 14460 0.0498621
21 20.5 11287 0.0389207
22 21.5 16695 0.057569
23 22.5 13531 0.0466586
24 23.5 12207 0.0420931
25 24.5 21306 0.073469
26 25.5 12786 0.0440897
27 26.5 2 6.89655e-06
28 27.5 0 0
29 28.5 0 0
30 29.5 0 0
7000000 30 290000 0 3.31891 26.1327
1 0.5 0 0
2 1.5 0 0
3 2.5 0 0
4 3.5 1837 0.00633448
5 4.5 25710 0.0886552
6 5.5 33131 0.114245
7 6.5 10311 0.0355552
8 7.5 12461 0.042969
9 8.5 11554 0.0398414
10 9.5 9515 0.0328103
11 10.5 20721 0.0714517
12 11.5 20731 0.0714862
13 12.5 29 0.0001
14 13.5 0 0
15 14.5 0 0
16 15.5 0 0
17 16.5 0 0
18 17.5 9188 0.0316828
19 18.5 31326 0.108021
20 19.5 15343 0.0529069
21 20.5 12472 0.0430069
22 21.5 16455 0.0567414
23 22.5 12884 0.0444276
24 23.5 11977 0.0413
25 24.5 19517 0.0673
26 25.5 14827 0.0511276
27 26.5 11 3.7931e-05
28 27.5 0 0
29 28.5 0 0
30 29.5 0 0
7500000 30 290000 0 3.26676 26.1079
1 0.5 0 0
2 1.5 0 0
3 2.5 0 0
4 3.5 1638 0.00564828
5 4.5 23931 0.0825207
6 5.5 32023 0.110424
7 6.5 11905 0.0410517
8 7.5 14865 0.0512586
9 8.5 10648 0.0367172
10 9.5 9423 0.0324931
11 10.5 20229 0.0697552
12 11.5 21288 0.0734069
13 12.5 50 0.000172414
14 13.5 0 0
15 14.5 0 0
16 15.5 0 0
17 16.5 0 0
18 17.5 6998 0.024131
19 18.5 31944 0.110152
20 19.5 14207 0.0489897
21 20.5 11670 0.0402414
22 21.5 16003 0.0551828
23 22.5 14209 0.0489966
24 23.5 11825 0.0407759
25 24.5 21388 0.0737517
26 25.5 15749 0.0543069
27 26.5 7 2.41379e-05
28 27.5 0 0
29 28.5 0 0
30 29.5 0 0
8000000 30 290000 0 3.48111 26.2329
1 0.5 0 0
2 1.5 0 0
3 2.5 0 0
4 3.5 1323 0.00456207
5 4.5 22865 0.0788448
6 5.5 31912 0.110041
7 6.5 12837 0.0442655
8 7.5 13844 0.0477379
9 8.5 10294 0.0354966
10 9.5 8336 0.0287448
11 10.5 21327 0.0735414
12 11.5 23141 0.0797966
13 12.5 121 0.000417241
14 13.5 0 0
15 14.5 0 0
16 15.5 0 0
17 16.5 0 0
18 17.5 6033 0.0208034
19 18.5 32087 0.110645
20 19.5 14692 0.0506621
21 20.5 11691 0.0403138
22 21.5 15026 0.0518138
23 22.5 14504 0.0500138
24 23.5 11729 0.0404448
25 24.5 20080 0.0692414
26 25.5 18105 0.062431
27 26.5 53 0.000182759
28 27.5 0 0
29 28.5 0 0
30 29.5 0 0
8500000 30 290000 0 3.493 26.2653
1 0.5 0 0
2 1.5 0 0
3 2.5 0 0
4 3.5 958 0.00330345
5 4.5 19966 0.0688483
6 5.5 33860 0.116759
7 6.5 14586 0.0502966
8 7.5 12876 0.0444
9 8.5 11652 0.0401793
10 9.5 7476 0.0257793
11 10.5 19677 0.0678517
12 11.5 24706 0.0851931
13 12.5 243 0.000837931
14 13.5 0 0
15 14.5 0 0
16 15.5 0 0
17 16.5 0 0
18 17.5 5426 0.0187103
19 18.5 33553 0.1157
20 19.5 15469 0.0533414
21 20.5 12096 0.0417103
22 21.5 15358 0.0529586
23 22.5 12078 0.0416483
24 23.5 11729 0.0404448
25 24.5 18690 0.0644483
26 25.5 19472 0.0671448
27 26.5 129 0.000444828
28 27.5 0 0
29 28.5 0 0
30 29.5 0 0
9000000 30 290000 0 3.6367 26.3086
1 0.5 0 0
2 1.5 0 0
3 2.5 0 0
4 3.5 649 0.00223793
5 4.5 18621 0.0642103
6 5.5 34211 0.117969
7 6.5 16554 0.0570828
8 7.5 12295 0.0423966
9 8.5 11647 0.0401621
10 9.5 6611 0.0227966
11 10.5 17863 0.0615966
12 11.5 26931 0.0928655
13 12.5 618 0.00213103
14 13.5 0 0
15 14.5 0 0
16 15.5 0 0
17 16.5 0 0
18 17.5 3578 0.0123379
19 18.5 33989 0.117203
20 19.5 15903 0.0548379
21 20.5 11954 0.0412207
22 21.5 14403 0.0496655
23 22.5 14038 0.0484069
24 23.5 11544 0.0398069
25 24.5 17022 0.0586966
26 25.5 21349 0.0736172
27 26.5 220 0.000758621
28 27.5 0 0
29 28.5 0 0
30 29.5 0 0
9500000 30 290000 0 3.66692 26.4054
1 0.5 0 0
2 1.5 0 0
3 2.5 0 0
4 3.5 340 0.00117241
5 4.5 15854 0.054669
6 5.5 34481 0.1189
7 6.5 16874 0.0581862
8 7.5 13068 0.0450621
9 8.5 11943 0.0411828
10 9.5 7201 0.024831
11 10.5 19683 0.0678724
12 11.5 25845 0.0891207
13 12.5 711 0.00245172
14 13.5 0 0
15 14.5 0 0
16 15.5 0 0
17 16.5 0 0
18 17.5 2809 0.00968621
19 18.5 33165 0.114362
20 19.5 16473 0.0568034
21 20.5 11747 0.0405069
22 21.5 14411 0.0496931
23 22.5 13883 0.0478724
24 23.5 11508 0.0396828
25 24.5 16830 0.0580345
26 25.5 22754 0.0784621
27 26.5 420 0.00144828
28 27.5 0 0
29 28.5 0 0
30 29.5 0 0
10000000 30 290000 0 3.71461 26.3898
1 0.5 0 0
2 1.5 0 0
3 2.5 0 0
4 3.5 160 0.000551724
5 4.5 14478 0.0499241
6 5.5 34507 0.11899
7 6.5 17986 0.0620207
8 7.5 12280 0.0423448
9 8.5 11915 0.0410862
10 9.5 7994 0.0275655
11 10.5 18272 0.0630069
12 11.5 27008 0.093131
13 12.5 1400 0.00482759
14 13.5 0 0
15 14.5 0 0
16 15.5 0 0
17 16.5 0 0
18 17.5 1500 0.00517241
19 18.5 31982 0.110283
20 19.5 18843 0.0649759
21 20.5 10730 0.037
22 21.5 12814 0.0441862
23 22.5 15861 0.0546931
24 23.5 11889 0.0409966
25 24.5 15122 0.0521448
26 25.5 24382 0.0840759
27 26.5 877 0.00302414
28 27.5 0 0
29 28.5 0 0
30 29.5 0 0
10500000 30 290000 0 3.81554 26.48
1 0.5 0 0
2 1.5 0 0
3 2.5 0 0
4 3.5 45 0.000155172
5 4.5 12827 0.044231
6 5.5 32835 0.113224
7 6.5 21210 0.0731379
8 7.5 11542 0.0398
9 8.5 12268 0.0423034
10 9.5 7479 0.0257897
11 10.5 17752 0.0612138
12 11.5 28154 0.0970828
13 12.5 1888 0.00651034
14 13.5 0 0
15 14.5 0 0
16 15.5 0 0
17 16.5 0 0
18 17.5 597 0.00205862
19 18.5 30649 0.105686
20 19.5 19905 0.0686379
21 20.5 11231 0.0387276
22 21.5 12518 0.0431655
23 22.5 15955 0.0550172
24 23.5 12167 0.0419552
25 24.5 13777 0.0475069
26 25.5 25802 0.0889724
27 26.5 1399 0.00482414
28 27.5 0 0
29 28.5 0 0
30 29.5 0 0
11000000 30 290000 0 3.83916 26.5478
1 0.5 0 0
2 1.5 0 0
3 2.5 0 0
4 3.5 21 7.24138e-05
5 4.5 10832 0.0373517
6 5.5 33708 0.116234
7 6.5 22143 0.0763552
8 7.5 10265 0.0353966
9 8.5 12206 0.0420897
10 9.5 6736 0.0232276
11 10.5 17878 0.0616483
12 11.5 28655 0.0988103
13 12.5 3556 0.0122621
14 13.5 0 0
15 14.5 0 0
16 15.5 0 0
17 16.5 0 0
18 17.5 239 0.000824138
19 18.5 28788 0.099269
20 19.5 21272 0.0733517
21 20.5 11654 0.0401862
22 21.5 10958 0.0377862
23 22.5 17734 0.0611517
24 23.5 11614 0.0400483
25 24.5 13452 0.0463862
26 25.5 26115 0.0900517
27 26.5 2174 0.00749655
28 27.5 0 0
29 28.5 0 0
30 29.5 0 0
11500000 30 290000 0 3.87858 26.6941
1 0.5 0 0
2 1.5 0 0
3 2.5 0 0
4 3.5 9 3.10345e-05
5 4.5 9467 0.0326448
6 5.5 33000 0.113793
7 6.5 23672 0.0816276
8 7.5 10630 0.0366552
9 8.5 11760 0.0405517
10 9.5 8326 0.0287103
11 10.5 16496 0.0568828
12 11.5 27438 0.0946138
13 12.5 5202 0.0179379
14 13.5 0 0
15 14.5 0 0
16 15.5 0 0
17 16.5 0 0
18 17.5 110 0.00037931
19 18.5 26799 0.0924103
20 19.5 22101 0.0762103
21 20.5 11569 0.0398931
22 21.5 11544 0.0398069
23 22.5 17357 0.0598517
24 23.5 12321 0.0424862
25 24.5 12523 0.0431828
26 25.5 26904 0.0927724
27 26.5 2772 0.00955862
28 27.5 0 0
29 28.5 0 0
30 29.5 0 0
12000000 30 290000 0 3.86944 26.6921
1 0.5 0 0
2 1.5 0 0
3 2.5 0 0
4 3.5 10 3.44828e-05
5 4.5 8008 0.0276138
6 5.5 32081 0.110624
7 6.5 24903 0.0858724
8 7.5 10418 0.0359241
9 8.5 12144 0.0418759
10 9.5 7475 0.0257759
11 10.5 16654 0.0574276
12 11.5 26720 0.0921379
13 12.5 7587 0.0261621
14 13.5 0 0
15 14.5 0 0
16 15.5 0 0
17 16.5 0 0
18 17.5 46 0.000158621
19 18.5 24556 0.0846759
20 19.5 24536 0.0846069
21 20.5 11429 0.0394103
22 21.5 10951 0.0377621
23 22.5 16133 0.055631
24 23.5 12510 0.0431379
25 24.5 12868 0.0443724
26 25.5 27168 0.0936828
27 26.5 3803 0.0131138
28 27.5 0 0
29 28.5 0 0
30 29.5 0 0
12500000 30 290000 0 3.90979 26.7271
1 0.5 0 0
2 1.5 0 0
3 2.5 0 0
4 3.5 1 3.44828e-06
5 4.5 5774 0.0199103
6 5.5 31310 0.107966
7 6.5 26962 0.0929724
8 7.5 9023 0.0311138
9 8.5 13184 0.0454621
10 9.5 8285 0.028569
11 10.5 14967 0.0516103
12 11.5 25915 0.0893621
13 12.5 10578 0.0364759
14 13.5 1 3.44828e-06
15 14.5 0 0
16 15.5 0 0
17 16.5 0 0
18 17.5 18 6.2069e-05
19 18.5 21827 0.0752655
20 19.5 26699 0.0920655
21 20.5 11621 0.0400724
22 21.5 11266 0.0388483
23 22.5 15665 0.0540172
24 23.5 11822 0.0407655
25 24.5 12773 0.0440448
26 25.5 27664 0.0953931
27 26.5 4645 0.0160172
28 27.5 0 0
29 28.5 0 0
30 29.5 0 0
13000000 30 290000 0 4.00559 26.9484
1 0.5 0 0
2 1.5 0 0
3 2.5 0 0
4 3.5 0 0
5 4.5 4754 0.0163931
6 5.5 29620 0.102138
7 6.5 28470 0.0981724
8 7.5 9074 0.0312897
9 8.5 13179 0.0454448
10 9.5 9574 0.0330138
11 10.5 13204 0.045531
12 11.5 25637 0.0884034
13 12.5 12485 0.0430517
14 13.5 3 1.03448e-05
15 14.5 0 0
16 15.5 0 0
17 16.5 0 0
18 17.5 6 2.06897e-05
19 18.5 19126 0.0659517
20 19.5 27972 0.0964552
21 20.5 12764 0.0440138
22 21.5 11449 0.0394793
23 22.5 14956 0.0515724
24 23.5 11476 0.0395724
25 24.5 12966 0.0447103
26 25.5 26757 0.0922655
27 26.5 6528 0.0225103
28 27.5 0 0
29 28.5 0 0
30 29.5 0 0
13500000 30 290000 0 4.15283 26.9743
1 0.5 0 0
2 1.5 0 0
3 2.5 0 0
4 3.5 0 0
5 4.5 3878 0.0133724
6 5.5 28281 0.0975207
7 6.5 29476 0.101641
8 7.5 10172 0.0350759
9 8.5 13574 0.0468069
10 9.5 9574 0.0330138
11 10.5 10874 0.0374966
12 11.5 24148 0.083269
13 12.5 16018 0.0552345
14 13.5 5 1.72414e-05
15 14.5 0 0
16 15.5 0 0
17 16.5 0 0
18 17.5 0 0
19 18.5 14918 0.0514414
20 19.5 29897 0.103093
21 20.5 14230 0.049069
22 21.5 11627 0.0400931
23 22.5 13541 0.0466931
24 23.5 12761 0.0440034
25 24.5 12337 0.0425414
26 25.5 24862 0.085731
27 26.5 9827 0.0338862
28 27.5 0 0
29 28.5 0 0
30 29.5 0 0
14000000 30 290000 0 4.13403 27.0658
1 0.5 0 0
2 1.5 0 0
3 2.5 0 0
4 3.5 0 0
5 4.5 2753 0.0094931
6 5.5 25346 0.0874
7 6.5 30916 0.106607
8 7.5 10854 0.0374276
9 8.5 13718 0.0473034
10 9.5 9209 0.0317552
11 10.5 11250 0.0387931
12 11.5 23724 0.0818069
13 12.5 18196 0.0627448
14 13.5 34 0.000117241
15 14.5 0 0
16 15.5 0 0
17 16.5 0 0
18 17.5 0 0
19 18.5 11010 0.0379655
20 19.5 32373 0.111631
21 20.5 14021 0.0483483
22 21.5 11365 0.0391897
23 22.5 13916 0.0479862
24 23.5 12680 0.0437241
25 24.5 12819 0.0442034
26 25.5 24020 0.0828276
27 26.5 11794 0.040669
28 27.5 2 6.89655e-06
29 28.5 0 0
30 29.5 0 0
14500000 30 290000 0 4.34696 27.0571
1 0.5 0 0
2 1.5 0 0
3 2.5 0 0
4 3.5 0 0
5 4.5 2160 0.00744828
6 5.5 23768 0.0819586
7 6.5 31306 0.107952
8 7.5 12420 0.0428276
9 8.5 13792 0.0475586
10 9.5 9379 0.0323414
11 10.5 9211 0.0317621
12 11.5 22249 0.0767207
13 12.5 21573 0.0743897
14 13.5 142 0.000489655
15 14.5 0 0
16 15.5 0 0
17 16.5 0 0
18 17.5 0 0
19 18.5 7519 0.0259276
20 19.5 34033 0.117355
21 20.5 15189 0.0523759
22 21.5 10829 0.0373414
23 22.5 14273 0.0492172
24 23.5 12303 0.0424241
25 24.5 13078 0.0450966
26 25.5 21840 0.0753103
27 26.5 14929 0.0514793
28 27.5 7 2.41379e-05
29 28.5 0 0
30 29.5 0 0
15000000 30 290000 0 4.34433 27.2154
1 0.5 0 0
2 1.5 0 0
3 2.5 0 0
4 3.5 0 0
5 4.5 1977 0.00681724
6 5.5 20124 0.0693931
7 6.5 32900 0.113448
8 7.5 13756 0.0474345
9 8.5 12332 0.0425241
10 9.5 12173 0.0419759
11 10.5 9063 0.0312517
12 11.5 21125 0.0728448
13 12.5 22236 0.0766759
14 13.5 314 0.00108276
15 14.5 0 0
16 15.5 0 0
17 16.5 0 0
18 17.5 0 0
19 18.5 4868 0.0167862
20 19.5 33234 0.1146
21 20.5 18180 0.0626897
22 21.5 11254 0.0388069
23 22.5 13037 0.0449552
24 23.5 12713 0.0438379
25 24.5 13123 0.0452517
26 25.5 19000 0.0655172
27 26.5 18513 0.0638379
28 27.5 78 0.000268966
29 28.5 0 0
30 29.5 0 0
15500000 30 290000 0 4.42541 27.2725
1 0.5 0 0
2 1.5 0 0
3 2.5 0 0
4 3.5 0 0
5 4.5 1369 0.00472069
6 5.5 17562 0.0605586
7 6.5 33806 0.116572
8 7.5 16449 0.0567207
9 8.5 11556 0.0398483
10 9.5 11943 0.0411828
11 10.5 7182 0.0247655
12 11.5 18272 0.0630069
13 12.5 27017 0.0931621
14 13.5 844 0.00291034
15 14.5 0 0
16 15.5 0 0
17 16.5 0 0
18 17.5 0 0
19 18.5 2876 0.00991724
20 19.5 34202 0.117938
21 20.5 19413 0.0669414
22 21.5 10302 0.0355241
23 22.5 13710 0.0472759
24 23.5 12582 0.0433862
25 24.5 13208 0.0455448
26 25.5 16646 0.0574
27 26.5 20895 0.0720517
28 27.5 166 0.000572414
29 28.5 0 0
30 29.5 0 0
16000000 30 290000 0 4.57172 27.3945
1 0.5 0 0
2 1.5 0 0
3 2.5 0 0
4 3.5 0 0
5 4.5 631 0.00217586
6 5.5 12931 0.0445897
7 6.5 35767 0.123334
8 7.5 16942 0.0584207
9 8.5 12257 0.0422655
10 9.5 12859 0.0443414
11 10.5 8285 0.028569
12 11.5 18404 0.0634621
13 12.5 26196 0.090331
14 13.5 1728 0.00595862
15 14.5 0 0
16 15.5 0 0
17 16.5 0 0
18 17.5 0 0
19 18.5 2363 0.00814828
20 19.5 30985 0.106845
21 20.5 22063 0.0760793
22 21.5 10018 0.0345448
23 22.5 12686 0.0437448
24 23.5 13468 0.0464414
25 24.5 13282 0.0458
26 25.5 14049 0.0484448
27 26.5 24585 0.0847759
28 27.5 501 0.00172759
29 28.5 0 0
30 29.5 0 0
16500000 30 290000 0 4.42865 27.536
1 0.5 0 0
2 1.5 0 0
3 2.5 0 0
4 3.5 0 0
5 4.5 790 0.00272414
6 5.5 11694 0.0403241
7 6.5 35378 0.121993
8 7.5 17259 0.0595138
9 8.5 10937 0.0377138
10 9.5 14750 0.0508621
11 10.5 7414 0.0255655
12 11.5 17097 0.0589552
13 12.5 27473 0.0947345
14 13.5 3208 0.0110621
15 14.5 0 0
16 15.5 0 0
17 16.5 0 0
18 17.5 0 0
19 18.5 1193 0.00411379
20 19.5 27631 0.0952793
21 20.5 24602 0.0848345
22 21.5 10509 0.0362379
23 22.5 12111 0.0417621
24 23.5 14137 0.0487483
25 24.5 13162 0.0453862
26 25.5 13430 0.0463103
27 26.5 25890 0.0892759
28 27.5 1335 0.00460345
29 28.5 0 0
30 29.5 0 0
17000000 30 290000 0 4.58261 27.6187
1 0.5 0 0
2 1.5 0 0
3 2.5 0 0
4 3.5 0 0
5 4.5 388 0.00133793
6 5.5 9665 0.0333276
7 6.5 34623 0.11939
8 7.5 19872 0.0685241
9 8.5 10376 0.0357793
10 9.5 14419 0.0497207
11 10.5 7394 0.0254966
12 11.5 16883 0.0582172
13 12.5 27005 0.0931207
14 13.5 5375 0.0185345
15 14.5 0 0
16 15.5 0 0
17 16.5 0 0
18 17.5 0 0
19 18.5 469 0.00161724
20 19.5 25410 0.0876207
21 20.5 24898 0.0858552
22 21.5 12021 0.0414517
23 22.5 11797 0.0406793
24 23.5 15420 0.0531724
25 24.5 11417 0.039369
26 25.5 14067 0.0485069
27 26.5 26102 0.0900069
28 27.5 2399 0.00827241
29 28.5 0 0
30 29.5 0 0
17500000 30 290000 0 4.76495 27.7409
1 0.5 0 0
2 1.5 0 0
3 2.5 0 0
4 3.5 0 0
5 4.5 109 0.000375862
6 5.5 7882 0.0271793
7 6.5 33500 0.115517
8 7.5 22203 0.0765621
9 8.5 10063 0.0347
10 9.5 13814 0.0476345
11 10.5 9047 0.0311966
12 11.5 15616 0.0538483
13 12.5 25390 0.0875517
14 13.5 8376 0.0288828
15 14.5 0 0
16 15.5 0 0
17 16.5 0 0
18 17.5 0 0
19 18.5 195 0.000672414
20 19.5 21101 0.0727621
21 20.5 26910 0.0927931
22 21.5 12578 0.0433724
23 22.5 12024 0.0414621
24 23.5 15324 0.0528414
25 24.5 11615 0.0400517
26 25.5 13340 0.046
27 26.5 26847 0.0925759
28 27.5 4066 0.0140207
29 28.5 0 0
30 29.5 0 0
18000000 30 289996 4 -0.389131 27.8035
1 0.5 3 1.0345e-05
2 1.5 0 0
3 2.5 0 0
4 3.5 0 0
5 4.5 14 4.82765e-05
6 5.5 5525 0.019052
7 6.5 31854 0.109843
8 7.5 24100 0.0831046
9 8.5 8937 0.0308177
10 9.5 13843 0.0477351
11 10.5 9873 0.0340453
12 11.5 14712 0.0507317
13 12.5 25303 0.0872529
14 13.5 11838 0.0408213
15 14.5 1 3.44832e-06
16 15.5 0 0
17 16.5 0 0
18 17.5 0 0
19 18.5 99 0.000341384
20 19.5 17704 0.0610491
21 20.5 28259 0.0974462
22 21.5 13543 0.0467006
23 22.5 11913 0.0410799
24 23.5 14640 0.0504835
25 24.5 11440 0.0394488
26 25.5 13660 0.0471041
27 26.5 26380 0.0909668
28 27.5 6355 0.0219141
29 28.5 0 0
30 29.5 0 0
18500000 30 289998 2 -0.234202 27.7796
1 0.5 12 4.13796e-05
2 1.5 0 0
3 2.5 0 0
4 3.5 0 0
5 4.5 0 0
6 5.5 3780 0.0130346
7 6.5 28087 0.0968524
8 7.5 28691 0.0989352
9 8.5 10059 0.0346864
10 9.5 13102 0.0451796
11 10.5 12399 0.0427555
12 11.5 11347 0.0391279
13 12.5 23470 0.0809316
14 13.5 15052 0.0519038
15 14.5 13 4.48279e-05
16 15.5 0 0
17 16.5 0 0
18 17.5 0 0
19 18.5 39 0.000134484
20 19.5 16284 0.0561521
21 20.5 29106 0.100366
22 21.5 14775 0.0509486
23 22.5 11607 0.0400244
24 23.5 14839 0.0511693
25 24.5 11654 0.0401865
26 25.5 12234 0.0421865
27 26.5 26258 0.0905455
28 27.5 7190 0.0247933
29 28.5 0 0
30 29.5 0 0
19000000 30 289982 18 -0.37982 28
1 0.5 155 0.000534516
2 1.5 0 0
3 2.5 0 0
4 3.5 0 0
5 4.5 0 0
6 5.5 2620 0.00903504
7 6.5 25683 0.0885676
8 7.5 30302 0.104496
9 8.5 10426 0.035954
10 9.5 14966 0.0516101
11 10.5 11176 0.0385403
12 11.5 9622 0.0331814
13 12.5 21690 0.0747977
14 13.5 19461 0.0671111
15 14.5 54 0.000186218
16 15.5 0 0
17 16.5 0 0
18 17.5 0 0
19 18.5 1 3.44849e-06
20 19.5 10952 0.0377679
21 20.5 30971 0.106803
22 21.5 16639 0.0573794
23 22.5 11395 0.0392955
24 23.5 16002 0.0551827
25 24.5 10831 0.0373506
26 25.5 12385 0.0427095
27 26.5 23237 0.0801326
28 27.5 11414 0.0393611
29 28.5 0 0
30 29.5 0 0
19500000 30 289941 59 -0.381783 28.1458
1 0.5 657 0.00226598
2 1.5 0 0
3 2.5 0 0
4 3.5 0 0
5 4.5 0 0
6 5.5 2295 0.0079154
7 6.5 21879 0.0754602
8 7.5 30308 0.104532
9 8.5 13361 0.0460818
10 9.5 14318 0.0493825
11 10.5 11793 0.0406738
12 11.5 9266 0.0319582
13 12.5 20071 0.0692244
14 13.5 22471 0.077502
15 14.5 238 0.000820857
16 15.5 0 0
17 16.5 0 0
18 17.5 0 0
19 18.5 0 0
20 19.5 6442 0.0222183
21 20.5 31261 0.107818
22 21.5 19826 0.0683794
23 22.5 11213 0.0386734
24 23.5 14044 0.0484374
25 24.5 12483 0.0430536
26 25.5 11684 0.0402979
27 26.5 20344 0.070166
28 27.5 15980 0.0551147
29 28.5 7 2.41428e-05
30 29.5 0 0
20000000 30 289946 54 -0.296585 28.1419
1 0.5 1624 0.00560104
2 1.5 0 0
3 2.5 0 0
4 3.5 0 0
5 4.5 0 0
6 5.5 1413 0.00487332
7 6.5 17888 0.0616942
8 7.5 32297 0.11139
9 8.5 16593 0.0572279
10 9.5 11209 0.0386589
11 10.5 14524 0.0500921
12 11.5 8509 0.0293468
13 12.5 16836 0.058066
14 13.5 25915 0.0893787
15 14.5 816 0.00281432
16 15.5 0 0
17 16.5 0 0
18 17.5 0 0
19 18.5 0 0
20 19.5 4978 0.0171687
21 20.5 30170 0.104054
22 21.5 21954 0.0757175
23 22.5 10841 0.0373897
24 23.5 13305 0.0458879
25 24.5 12323 0.042501
26 25.5 12610 0.0434909
27 26.5 18438 0.0635912
28 27.5 17690 0.0610114
29 28.5 13 4.48359e-05
30 29.5 0 0
20500000 30 289936 64 -0.290219 28.2303
1 0.5 3345 0.011537
2 1.5 0 0
3 2.5 0 0
4 3.5 0 0
5 4.5 0 0
6 5.5 580 0.00200044
7 6.5 13880 0.0478726
8 7.5 33422 0.115274
9 8.5 19661 0.0678115
10 9.5 11529 0.0397639
11 10.5 13743 0.0474001
12 11.5 7600 0.0262127
13 12.5 16566 0.0571367
14 13.5 26719 0.0921548
15 14.5 2300 0.00793279
16 15.5 0 0
17 16.5 0 0
18 17.5 0 0
19 18.5 0 0
20 19.5 2665 0.00919168
21 20.5 31087 0.10722
22 21.5 22977 0.0792485
23 22.5 10563 0.0364322
24 23.5 12263 0.0422955
25 24.5 13353 0.046055
26 25.5 11737 0.0404813
27 26.5 15843 0.0546431
28 27.5 20065 0.0692049
29 28.5 38 0.000131063
30 29.5 0 0
21000000 30 289864 136 -0.434462 28.337
1 0.5 5678 0.0195885
2 1.5 7 2.41493e-05
3 2.5 0 0
4 3.5 0 0
5 4.5 0 0
6 5.5 242 0.000834874
7 6.5 10401 0.0358823
8 7.5 34240 0.118124
9 8.5 21444 0.0739795
10 9.5 10657 0.0367655
11 10.5 13409 0.0462596
12 11.5 8085 0.0278924
13 12.5 15542 0.0536182
14 13.5 26744 0.092264
15 14.5 5236 0.0180636
16 15.5 0 0
17 16.5 0 0
18 17.5 0 0
19 18.5 0 0
20 19.5 1175 0.00405363
21 20.5 28900 0.0997019
22 21.5 24482 0.0844603
23 22.5 10550 0.0363964
24 23.5 11848 0.0408743
25 24.5 14663 0.0505858
26 25.5 11247 0.038801
27 26.5 13737 0.0473912
28 27.5 21531 0.0742797
29 28.5 46 0.000158695
30 29.5 0 0
