# Histogrammed data for fix 10
# TimeStep Number-of-bins Total-counts Missing-counts Min-value Max-value
# Bin Coord Count Count/Total
500000 30 145000 0 3.04711 25.7795
1 0.5 0 0
2 1.5 0 0
3 2.5 0 0
4 3.5 9515 0.0656207
5 4.5 12157 0.0838414
6 5.5 10274 0.0708552
7 6.5 10181 0.0702138
8 7.5 6957 0.0479793
9 8.5 9290 0.064069
10 9.5 4297 0.0296345
11 10.5 8735 0.0602414
12 11.5 1594 0.0109931
13 12.5 0 0
14 13.5 0 0
15 14.5 0 0
16 15.5 0 0
17 16.5 453 0.00312414
18 17.5 14028 0.0967448
19 18.5 8160 0.0562759
20 19.5 11876 0.0819034
21 20.5 5640 0.0388966
22 21.5 4302 0.029669
23 22.5 6409 0.0442
24 23.5 6488 0.0447448
25 24.5 9862 0.0680138
26 25.5 4782 0.0329793
27 26.5 0 0
28 27.5 0 0
29 28.5 0 0
30 29.5 0 0
1000000 30 145000 0 2.97865 25.9545
1 0.5 0 0
2 1.5 0 0
3 2.5 1 6.89655e-06
4 3.5 9535 0.0657586
5 4.5 11982 0.0826345
6 5.5 11900 0.082069
7 6.5 8951 0.061731
8 7.5 6601 0.0455241
9 8.5 9232 0.063669
10 9.5 4189 0.0288897
11 10.5 9276 0.0639724
12 11.5 1333 0.0091931
13 12.5 0 0
14 13.5 0 0
15 14.5 0 0
16 15.5 0 0
17 16.5 733 0.00505517
18 17.5 13271 0.0915241
19 18.5 8239 0.0568207
20 19.5 12342 0.0851172
21 20.5 4746 0.032731
22 21.5 4217 0.0290828
23 22.5 8878 0.0612276
24 23.5 6075 0.0418966
25 24.5 8578 0.0591586
26 25.5 4921 0.0339379
27 26.5 0 0
28 27.5 0 0
29 28.5 0 0
30 29.5 0 0
1500000 30 145000 0 3.1359 25.8792
1 0.5 0 0
2 1.5 0 0
3 2.5 0 0
4 3.5 7283 0.0502276
5 4.5 12922 0.0891172
6 5.5 11407 0.078669
7 6.5 9892 0.0682207
8 7.5 7475 0.0515517
9 8.5 8804 0.0607172
10 9.5 4580 0.0315862
11 10.5 9229 0.0636483
12 11.5 1408 0.00971034
13 12.5 0 0
14 13.5 0 0
15 14.5 0 0
16 15.5 0 0
17 16.5 670 0.00462069
18 17.5 10114 0.0697517
19 18.5 10426 0.0719034
20 19.5 11512 0.0793931
21 20.5 8109 0.0559241
22 21.5 4767 0.0328759
23 22.5 7343 0.0506414
24 23.5 5881 0.0405586
25 24.5 9048 0.0624
26 25.5 4130 0.0284828
27 26.5 0 0
28 27.5 0 0
29 28.5 0 0
30 29.5 0 0
2000000 30 145000 0 3.2685 25.8946
1 0.5 0 0
2 1.5 0 0
3 2.5 0 0
4 3.5 6212 0.0428414
5 4.5 13863 0.0956069
6 5.5 12191 0.0840759
7 6.5 7948 0.0548138
8 7.5 7959 0.0548897
9 8.5 9901 0.0682828
10 9.5 3723 0.0256759
11 10.5 9587 0.0661172
12 11.5 1616 0.0111448
13 12.5 0 0
14 13.5 0 0
15 14.5 0 0
16 15.5 0 0
17 16.5 451 0.00311034
18 17.5 11161 0.0769724
19 18.5 9511 0.0655931
20 19.5 10985 0.0757586
21 20.5 7123 0.0491241
22 21.5 6273 0.0432621
23 22.5 8015 0.0552759
24 23.5 4530 0.0312414
25 24.5 8776 0.0605241
26 25.5 5175 0.0356897
27 26.5 0 0
28 27.5 0 0
29 28.5 0 0
30 29.5 0 0
2500000 30 145000 0 3.24794 25.7526
1 0.5 0 0
2 1.5 0 0
3 2.5 0 0
4 3.5 4143 0.0285724
5 4.5 16279 0.112269
6 5.5 8162 0.0562897
7 6.5 12272 0.0846345
8 7.5 6190 0.0426897
9 8.5 10316 0.0711448
10 9.5 3653 0.0251931
11 10.5 10033 0.0691931
12 11.5 1952 0.0134621
13 12.5 0 0
14 13.5 0 0
15 14.5 0 0
16 15.5 0 0
17 16.5 409 0.00282069
18 17.5 9499 0.0655103
19 18.5 11153 0.0769172
20 19.5 9806 0.0676276
21 20.5 8314 0.0573379
22 21.5 7314 0.0504414
23 22.5 7692 0.0530483
24 23.5 3999 0.0275793
25 24.5 9889 0.0682
26 25.5 3925 0.027069
27 26.5 0 0
28 27.5 0 0
29 28.5 0 0
30 29.5 0 0
3000000 30 145000 0 3.41263 25.5005
1 0.5 0 0
2 1.5 0 0
3 2.5 0 0
4 3.5 2174 0.0149931
5 4.5 18115 0.124931
6 5.5 6429 0.0443379
7 6.5 11580 0.0798621
8 7.5 6617 0.0456345
9 8.5 8603 0.059331
10 9.5 4934 0.0340276
11 10.5 11565 0.0797586
12 11.5 2983 0.0205724
13 12.5 0 0
14 13.5 0 0
15 14.5 0 0
16 15.5 0 0
17 16.5 59 0.000406897
18 17.5 12250 0.0844828
19 18.5 9565 0.0659655
20 19.5 10180 0.0702069
21 20.5 6817 0.0470138
22 21.5 6503 0.0448483
23 22.5 9605 0.0662414
24 23.5 2481 0.0171103
25 24.5 12255 0.0845172
26 25.5 2285 0.0157586
27 26.5 0 0
28 27.5 0 0
29 28.5 0 0
30 29.5 0 0
3500000 30 145000 0 3.42814 25.6411
1 0.5 0 0
2 1.5 0 0
3 2.5 0 0
4 3.5 1531 0.0105586
5 4.5 17887 0.123359
6 5.5 6615 0.0456207
7 6.5 11876 0.0819034
8 7.5 6959 0.0479931
9 8.5 8208 0.0566069
10 9.5 4796 0.0330759
11 10.5 12644 0.0872
12 11.5 2484 0.017131
13 12.5 0 0
14 13.5 0 0
15 14.5 0 0
16 15.5 0 0
17 16.5 6 4.13793e-05
18 17.5 12280 0.0846897
19 18.5 9631 0.0664207
20 19.5 9276 0.0639724
21 20.5 7824 0.0539586
22 21.5 6003 0.0414
23 22.5 9239 0.0637172
24 23.5 4365 0.0301034
25 24.5 11334 0.0781655
26 25.5 2042 0.0140828
27 26.5 0 0
28 27.5 0 0
29 28.5 0 0
30 29.5 0 0
4000000 30 145000 0 3.42439 25.4675
1 0.5 0 0
2 1.5 0 0
3 2.5 0 0
4 3.5 1273 0.00877931
5 4.5 17857 0.123152
6 5.5 6709 0.046269
7 6.5 11226 0.0774207
8 7.5 7755 0.0534828
9 8.5 7730 0.0533103
10 9.5 5347 0.0368759
11 10.5 11881 0.0819379
12 11.5 3222 0.0222207
13 12.5 0 0
14 13.5 0 0
15 14.5 0 0
16 15.5 0 0
17 16.5 0 0
18 17.5 9675 0.0667241
19 18.5 10833 0.0747103
20 19.5 9065 0.0625172
21 20.5 8193 0.0565034
22 21.5 6301 0.0434552
23 22.5 10238 0.0706069
24 23.5 3559 0.0245448
25 24.5 12095 0.0834138
26 25.5 2041 0.0140759
27 26.5 0 0
28 27.5 0 0
29 28.5 0 0
30 29.5 0 0
4500000 30 145000 0 3.53061 25.6456
1 0.5 0 0
2 1.5 0 0
3 2.5 0 0
4 3.5 1449 0.0099931
5 4.5 16423 0.113262
6 5.5 8468 0.0584
7 6.5 10179 0.0702
8 7.5 5974 0.0412
9 8.5 7697 0.0530828
10 9.5 6832 0.0471172
11 10.5 11234 0.0774759
12 11.5 4744 0.0327172
13 12.5 0 0
14 13.5 0 0
15 14.5 0 0
16 15.5 0 0
17 16.5 1 6.89655e-06
18 17.5 8845 0.061
19 18.5 11170 0.0770345
20 19.5 10021 0.0691103
21 20.5 7953 0.0548483
22 21.5 4789 0.0330276
23 22.5 11305 0.0779655
24 23.5 3586 0.024731
25 24.5 10607 0.0731517
26 25.5 3723 0.0256759
27 26.5 0 0
28 27.5 0 0
29 28.5 0 0
30 29.5 0 0
5000000 30 145000 0 3.5253 25.7386
1 0.5 0 0
2 1.5 0 0
3 2.5 0 0
4 3.5 1152 0.00794483
5 4.5 16023 0.110503
6 5.5 8692 0.0599448
7 6.5 10221 0.0704897
8 7.5 6070 0.0418621
9 8.5 7631 0.0526276
10 9.5 7061 0.0486966
11 10.5 10682 0.073669
12 11.5 5468 0.0377103
13 12.5 0 0
14 13.5 0 0
15 14.5 0 0
16 15.5 0 0
17 16.5 0 0
18 17.5 7631 0.0526276
19 18.5 12690 0.0875172
20 19.5 7647 0.0527379
21 20.5 8444 0.0582345
22 21.5 5262 0.0362897
23 22.5 10651 0.0734552
24 23.5 5243 0.0361586
25 24.5 9992 0.0689103
26 25.5 4440 0.0306207
27 26.5 0 0
28 27.5 0 0
29 28.5 0 0
30 29.5 0 0
5500000 30 145000 0 3.58032 25.7576
1 0.5 0 0
2 1.5 0 0
3 2.5 0 0
4 3.5 1001 0.00690345
5 4.5 14244 0.0982345
6 5.5 9856 0.0679724
7 6.5 12200 0.0841379
8 7.5 6209 0.0428207
9 8.5 5816 0.0401103
10 9.5 6690 0.0461379
11 10.5 9341 0.0644207
12 11.5 7643 0.0527103
13 12.5 0 0
14 13.5 0 0
15 14.5 0 0
16 15.5 0 0
17 16.5 0 0
18 17.5 6513 0.0449172
19 18.5 13488 0.0930207
20 19.5 6792 0.0468414
21 20.5 8823 0.0608483
22 21.5 5256 0.0362483
23 22.5 9744 0.0672
24 23.5 5909 0.0407517
25 24.5 9998 0.0689517
26 25.5 5477 0.0377724
27 26.5 0 0
28 27.5 0 0
29 28.5 0 0
30 29.5 0 0
6000000 30 145000 0 3.5674 25.8055
1 0.5 0 0
2 1.5 0 0
3 2.5 0 0
4 3.5 1030 0.00710345
5 4.5 13361 0.0921448
6 5.5 10779 0.0743379
7 6.5 11630 0.0802069
8 7.5 7562 0.0521517
9 8.5 4628 0.0319172
10 9.5 6894 0.0475448
11 10.5 7654 0.0527862
12 11.5 9462 0.0652552
13 12.5 0 0
14 13.5 0 0
15 14.5 0 0
16 15.5 0 0
17 16.5 0 0
18 17.5 4202 0.0289793
19 18.5 15638 0.107848
20 19.5 6308 0.0435034
21 20.5 8706 0.0600414
22 21.5 6175 0.0425862
23 22.5 11312 0.0780138
24 23.5 4608 0.0317793
25 24.5 7820 0.053931
26 25.5 7231 0.049869
27 26.5 0 0
28 27.5 0 0
29 28.5 0 0
30 29.5 0 0
6500000 30 145000 0 3.54953 25.8906
1 0.5 0 0
2 1.5 0 0
3 2.5 0 0
4 3.5 880 0.00606897
5 4.5 12903 0.0889862
6 5.5 11007 0.0759103
7 6.5 11405 0.0786552
8 7.5 6519 0.0449586
9 8.5 4924 0.0339586
10 9.5 7629 0.0526138
11 10.5 6104 0.0420966
12 11.5 11629 0.0802
13 12.5 0 0
14 13.5 0 0
15 14.5 0 0
16 15.5 0 0
17 16.5 0 0
18 17.5 3249 0.0224069
19 18.5 16323 0.112572
20 19.5 5777 0.0398414
21 20.5 9430 0.0650345
22 21.5 6032 0.0416
23 22.5 10413 0.0718138
24 23.5 5479 0.0377862
25 24.5 7270 0.0501379
26 25.5 8027 0.0553586
27 26.5 0 0
28 27.5 0 0
29 28.5 0 0
30 29.5 0 0
7000000 30 145000 0 3.62374 25.8764
1 0.5 0 0
2 1.5 0 0
3 2.5 0 0
4 3.5 530 0.00365517
5 4.5 12208 0.0841931
6 5.5 11864 0.0818207
7 6.5 11519 0.0794414
8 7.5 5746 0.0396276
9 8.5 5234 0.0360966
10 9.5 8006 0.0552138
11 10.5 5671 0.0391103
12 11.5 12220 0.0842759
13 12.5 2 1.37931e-05
14 13.5 0 0
15 14.5 0 0
16 15.5 0 0
17 16.5 0 0
18 17.5 2258 0.0155724
19 18.5 17282 0.119186
20 19.5 5146 0.0354897
21 20.5 10113 0.0697448
22 21.5 7862 0.0542207
23 22.5 8246 0.056869
24 23.5 5342 0.0368414
25 24.5 7932 0.0547034
26 25.5 7819 0.0539241
27 26.5 0 0
28 27.5 0 0
29 28.5 0 0
30 29.5 0 0
7500000 30 145000 0 3.6482 25.9252
1 0.5 0 0
2 1.5 0 0
3 2.5 0 0
4 3.5 548 0.00377931
5 4.5 11657 0.0803931
6 5.5 12357 0.0852207
7 6.5 11368 0.0784
8 7.5 6859 0.0473034
9 8.5 4377 0.0301862
10 9.5 7802 0.0538069
11 10.5 5182 0.0357379
12 11.5 12848 0.0886069
13 12.5 2 1.37931e-05
14 13.5 0 0
15 14.5 0 0
16 15.5 0 0
17 16.5 0 0
18 17.5 1689 0.0116483
19 18.5 17403 0.120021
20 19.5 4291 0.0295931
21 20.5 9618 0.066331
22 21.5 7144 0.049269
23 22.5 8919 0.0615103
24 23.5 6528 0.0450207
25 24.5 7403 0.0510552
26 25.5 9005 0.0621034
27 26.5 0 0
28 27.5 0 0
29 28.5 0 0
30 29.5 0 0
8000000 30 145000 0 3.73746 26.0008
1 0.5 0 0
2 1.5 0 0
3 2.5 0 0
4 3.5 338 0.00233103
5 4.5 10776 0.0743172
6 5.5 12937 0.0892207
7 6.5 11375 0.0784483
8 7.5 6611 0.0455931
9 8.5 2998 0.0206759
10 9.5 9327 0.0643241
11 10.5 4895 0.0337586
12 11.5 13738 0.0947448
13 12.5 5 3.44828e-05
14 13.5 0 0
15 14.5 0 0
16 15.5 0 0
17 16.5 0 0
18 17.5 1316 0.00907586
19 18.5 17562 0.121117
20 19.5 4170 0.0287586
21 20.5 9699 0.0668897
22 21.5 7282 0.0502207
23 22.5 9117 0.0628759
24 23.5 6628 0.0457103
25 24.5 5972 0.0411862
26 25.5 10253 0.0707103
27 26.5 1 6.89655e-06
28 27.5 0 0
29 28.5 0 0
30 29.5 0 0
8500000 30 145000 0 3.78658 26.083
1 0.5 0 0
2 1.5 0 0
3 2.5 0 0
4 3.5 133 0.000917241
5 4.5 9577 0.0660483
6 5.5 13837 0.0954276
7 6.5 11232 0.0774621
8 7.5 7037 0.048531
9 8.5 4130 0.0284828
10 9.5 8373 0.0577448
11 10.5 4844 0.0334069
12 11.5 13811 0.0952483
13 12.5 26 0.00017931
14 13.5 0 0
15 14.5 0 0
16 15.5 0 0
17 16.5 0 0
18 17.5 1039 0.00716552
19 18.5 18681 0.128834
20 19.5 3790 0.0261379
21 20.5 9984 0.0688552
22 21.5 6357 0.0438414
23 22.5 9175 0.0632759
24 23.5 6367 0.0439103
25 24.5 5959 0.0410966
26 25.5 10641 0.0733862
27 26.5 7 4.82759e-05
28 27.5 0 0
29 28.5 0 0
30 29.5 0 0
9000000 30 145000 0 3.79715 26.0817
1 0.5 0 0
2 1.5 0 0
3 2.5 0 0
4 3.5 44 0.000303448
5 4.5 8653 0.0596759
6 5.5 14387 0.0992207
7 6.5 11955 0.0824483
8 7.5 6375 0.0439655
9 8.5 4542 0.0313241
10 9.5 8112 0.0559448
11 10.5 3267 0.022531
12 11.5 15640 0.107862
13 12.5 25 0.000172414
14 13.5 0 0
15 14.5 0 0
16 15.5 0 0
17 16.5 0 0
18 17.5 640 0.00441379
19 18.5 18483 0.127469
20 19.5 4230 0.0291724
21 20.5 9587 0.0661172
22 21.5 6638 0.0457793
23 22.5 8794 0.0606483
24 23.5 6798 0.0468828
25 24.5 5714 0.0394069
26 25.5 11102 0.0765655
27 26.5 14 9.65517e-05
28 27.5 0 0
29 28.5 0 0
30 29.5 0 0
9500000 30 145000 0 3.94794 26.2081
1 0.5 0 0
2 1.5 0 0
3 2.5 0 0
4 3.5 9 6.2069e-05
5 4.5 7871 0.0542828
6 5.5 14793 0.102021
7 6.5 10781 0.0743517
8 7.5 7797 0.0537724
9 8.5 3704 0.0255448
10 9.5 9003 0.0620897
11 10.5 3327 0.0229448
12 11.5 15556 0.107283
13 12.5 159 0.00109655
14 13.5 0 0
15 14.5 0 0
16 15.5 0 0
17 16.5 0 0
18 17.5 466 0.00321379
19 18.5 17943 0.123745
20 19.5 4581 0.0315931
21 20.5 9285 0.0640345
22 21.5 7025 0.0484483
23 22.5 8199 0.0565448
24 23.5 7651 0.0527655
25 24.5 5368 0.0370207
26 25.5 11414 0.0787172
27 26.5 68 0.000468966
28 27.5 0 0
29 28.5 0 0
30 29.5 0 0
10000000 30 145000 0 3.99732 26.2314
1 0.5 0 0
2 1.5 0 0
3 2.5 0 0
4 3.5 1 6.89655e-06
5 4.5 7411 0.0511103
6 5.5 15012 0.103531
7 6.5 10069 0.0694414
8 7.5 8300 0.0572414
9 8.5 4045 0.0278966
10 9.5 9040 0.0623448
11 10.5 2981 0.0205586
12 11.5 15887 0.109566
13 12.5 254 0.00175172
14 13.5 0 0
15 14.5 0 0
16 15.5 0 0
17 16.5 0 0
18 17.5 222 0.00153103
19 18.5 17153 0.118297
20 19.5 5352 0.0369103
21 20.5 10067 0.0694276
22 21.5 5539 0.0382
23 22.5 8469 0.0584069
24 23.5 8125 0.0560345
25 24.5 5198 0.0358483
26 25.5 11668 0.080469
27 26.5 207 0.00142759
28 27.5 0 0
29 28.5 0 0
30 29.5 0 0
10500000 30 145000 0 4.00124 26.2865
1 0.5 0 0
2 1.5 0 0
3 2.5 0 0
4 3.5 0 0
5 4.5 6179 0.0426138
6 5.5 15122 0.10429
7 6.5 9701 0.0669034
8 7.5 9534 0.0657517
9 8.5 4431 0.0305586
10 9.5 8682 0.0598759
11 10.5 2636 0.0181793
12 11.5 16184 0.111614
13 12.5 531 0.00366207
14 13.5 0 0
15 14.5 0 0
16 15.5 0 0
17 16.5 0 0
18 17.5 30 0.000206897
19 18.5 16509 0.113855
20 19.5 6060 0.0417931
21 20.5 9834 0.0678207
22 21.5 5772 0.0398069
23 22.5 7978 0.0550207
24 23.5 8367 0.0577034
25 24.5 4981 0.0343517
26 25.5 12148 0.0837793
27 26.5 321 0.00221379
28 27.5 0 0
29 28.5 0 0
30 29.5 0 0
11000000 30 145000 0 4.14489 26.3319
1 0.5 0 0
2 1.5 0 0
3 2.5 0 0
4 3.5 0 0
5 4.5 5167 0.0356345
6 5.5 16344 0.112717
7 6.5 8397 0.0579103
8 7.5 9962 0.0687034
9 8.5 4732 0.0326345
10 9.5 8495 0.0585862
11 10.5 2913 0.0200897
12 11.5 16049 0.110683
13 12.5 941 0.00648966
14 13.5 0 0
15 14.5 0 0
16 15.5 0 0
17 16.5 0 0
18 17.5 14 9.65517e-05
19 18.5 15543 0.107193
20 19.5 6908 0.0476414
21 20.5 9456 0.0652138
22 21.5 5575 0.0384483
23 22.5 7504 0.0517517
24 23.5 9221 0.0635931
25 24.5 4865 0.0335517
26 25.5 12221 0.0842828
27 26.5 693 0.00477931
28 27.5 0 0
29 28.5 0 0
30 29.5 0 0
11500000 30 145000 0 4.17156 26.5002
1 0.5 0 0
2 1.5 0 0
3 2.5 0 0
4 3.5 0 0
5 4.5 4604 0.0317517
6 5.5 16118 0.111159
7 6.5 8554 0.0589931
8 7.5 10253 0.0707103
9 8.5 4965 0.0342414
10 9.5 8001 0.0551793
11 10.5 3267 0.022531
12 11.5 15553 0.107262
13 12.5 1685 0.0116207
14 13.5 0 0
15 14.5 0 0
16 15.5 0 0
17 16.5 0 0
18 17.5 3 2.06897e-05
19 18.5 14554 0.100372
20 19.5 7822 0.0539448
21 20.5 8754 0.0603724
22 21.5 6224 0.0429241
23 22.5 6754 0.0465793
24 23.5 10012 0.0690483
25 24.5 4654 0.0320966
26 25.5 12160 0.0838621
27 26.5 1063 0.00733103
28 27.5 0 0
29 28.5 0 0
30 29.5 0 0
12000000 30 145000 0 4.16238 26.4865
1 0.5 0 0
2 1.5 0 0
3 2.5 0 0
4 3.5 0 0
5 4.5 3550 0.0244828
6 5.5 16120 0.111172
7 6.5 8435 0.0581724
8 7.5 11041 0.0761448
9 8.5 5395 0.0372069
10 9.5 6556 0.0452138
11 10.5 4434 0.0305793
12 11.5 14489 0.0999241
13 12.5 2980 0.0205517
14 13.5 0 0
15 14.5 0 0
16 15.5 0 0
17 16.5 0 0
18 17.5 2 1.37931e-05
19 18.5 12289 0.0847517
20 19.5 9939 0.0685448
21 20.5 8091 0.0558
22 21.5 5866 0.0404552
23 22.5 6024 0.0415448
24 23.5 10912 0.0752552
25 24.5 5136 0.0354207
26 25.5 12220 0.0842759
27 26.5 1521 0.0104897
28 27.5 0 0
29 28.5 0 0
30 29.5 0 0
12500000 30 145000 0 4.2195 26.5751
1 0.5 0 0
2 1.5 0 0
3 2.5 0 0
4 3.5 0 0
5 4.5 2353 0.0162276
6 5.5 16011 0.110421
7 6.5 8829 0.0608897
8 7.5 10931 0.0753862
9 8.5 5536 0.0381793
10 9.5 6367 0.0439103
11 10.5 5367 0.0370138
12 11.5 12611 0.0869724
13 12.5 4995 0.0344483
14 13.5 0 0
15 14.5 0 0
16 15.5 0 0
17 16.5 0 0
18 17.5 0 0
19 18.5 10956 0.0755586
20 19.5 11300 0.077931
21 20.5 7725 0.0532759
22 21.5 6049 0.0417172
23 22.5 6020 0.0415172
24 23.5 10452 0.0720828
25 24.5 5335 0.0367931
26 25.5 11928 0.0822621
27 26.5 2235 0.0154138
28 27.5 0 0
29 28.5 0 0
30 29.5 0 0
13000000 30 145000 0 4.33672 26.7409
1 0.5 0 0
2 1.5 0 0
3 2.5 0 0
4 3.5 0 0
5 4.5 2015 0.0138966
6 5.5 14289 0.0985448
7 6.5 10400 0.0717241
8 7.5 11026 0.0760414
9 8.5 5518 0.0380552
10 9.5 5702 0.0393241
11 10.5 6159 0.0424759
12 11.5 10710 0.0738621
13 12.5 7181 0.0495241
14 13.5 0 0
15 14.5 0 0
16 15.5 0 0
17 16.5 0 0
18 17.5 0 0
19 18.5 8388 0.0578483
20 19.5 13565 0.0935517
21 20.5 6724 0.0463724
22 21.5 7734 0.0533379
23 22.5 5816 0.0401103
24 23.5 9640 0.0664828
25 24.5 5425 0.0374138
26 25.5 11130 0.0767586
27 26.5 3578 0.0246759
28 27.5 0 0
29 28.5 0 0
30 29.5 0 0
13500000 30 145000 0 4.42301 26.8039
1 0.5 0 0
2 1.5 0 0
3 2.5 0 0
4 3.5 0 0
5 4.5 1421 0.0098
6 5.5 14305 0.0986552
7 6.5 10114 0.0697517
8 7.5 11889 0.0819931
9 8.5 5845 0.0403103
10 9.5 4290 0.0295862
11 10.5 7189 0.0495793
12 11.5 8071 0.0556621
13 12.5 9876 0.0681103
14 13.5 0 0
15 14.5 0 0
16 15.5 0 0
17 16.5 0 0
18 17.5 0 0
19 18.5 5574 0.0384414
20 19.5 15649 0.107924
21 20.5 6697 0.0461862
22 21.5 7307 0.0503931
23 22.5 6522 0.0449793
24 23.5 9251 0.0638
25 24.5 5858 0.0404
26 25.5 9772 0.0673931
27 26.5 5370 0.0370345
28 27.5 0 0
29 28.5 0 0
30 29.5 0 0
14000000 30 145000 0 4.4723 26.8494
1 0.5 0 0
2 1.5 0 0
3 2.5 0 0
4 3.5 0 0
5 4.5 1035 0.00713793
6 5.5 12081 0.0833172
7 6.5 12004 0.0827862
8 7.5 11871 0.081869
9 8.5 5660 0.0390345
10 9.5 3606 0.024869
11 10.5 8667 0.0597724
12 11.5 7024 0.0484414
13 12.5 11052 0.0762207
14 13.5 0 0
15 14.5 0 0
16 15.5 0 0
17 16.5 0 0
18 17.5 0 0
19 18.5 3481 0.0240069
20 19.5 17250 0.118966
21 20.5 5533 0.0381586
22 21.5 8601 0.0593172
23 22.5 5689 0.0392345
24 23.5 9960 0.0686897
25 24.5 5965 0.0411379
26 25.5 9365 0.0645862
27 26.5 6156 0.0424552
28 27.5 0 0
29 28.5 0 0
30 29.5 0 0
14500000 30 145000 0 4.51732 26.9281
1 0.5 0 0
2 1.5 0 0
3 2.5 0 0
4 3.5 0 0
5 4.5 767 0.00528966
6 5.5 11131 0.0767655
7 6.5 12466 0.0859724
8 7.5 12129 0.0836483
9 8.5 6013 0.041469
10 9.5 2984 0.0205793
11 10.5 9105 0.0627931
12 11.5 5106 0.0352138
13 12.5 13298 0.0917103
14 13.5 1 6.89655e-06
15 14.5 0 0
16 15.5 0 0
17 16.5 0 0
18 17.5 0 0
19 18.5 1898 0.0130897
20 19.5 18184 0.125407
21 20.5 4825 0.0332759
22 21.5 9790 0.0675172
23 22.5 5366 0.0370069
24 23.5 9680 0.0667586
25 24.5 6355 0.0438276
26 25.5 7994 0.055131
27 26.5 7908 0.0545379
28 27.5 0 0
29 28.5 0 0
30 29.5 0 0
15000000 30 145000 0 4.63116 27.081
1 0.5 0 0
2 1.5 0 0
3 2.5 0 0
4 3.5 0 0
5 4.5 465 0.0032069
6 5.5 8870 0.0611724
7 6.5 14716 0.10149
8 7.5 10696 0.0737655
9 8.5 6875 0.0474138
10 9.5 3807 0.0262552
11 10.5 8986 0.0619724
12 11.5 5203 0.0358828
13 12.5 13381 0.0922828
14 13.5 1 6.89655e-06
15 14.5 0 0
16 15.5 0 0
17 16.5 0 0
18 17.5 0 0
19 18.5 1291 0.00890345
20 19.5 17657 0.121772
21 20.5 5235 0.0361034
22 21.5 10328 0.0712276
23 22.5 4763 0.0328483
24 23.5 9912 0.0683586
25 24.5 6322 0.0436
26 25.5 6934 0.0478207
27 26.5 9557 0.0659103
28 27.5 1 6.89655e-06
29 28.5 0 0
30 29.5 0 0
15500000 30 145000 0 4.71683 27.1947
1 0.5 0 0
2 1.5 0 0
3 2.5 0 0
4 3.5 0 0
5 4.5 193 0.00133103
6 5.5 7895 0.0544483
7 6.5 15148 0.104469
8 7.5 11111 0.0766276
9 8.5 7102 0.0489793
10 9.5 4079 0.028131
11 10.5 8460 0.0583448
12 11.5 3210 0.0221379
13 12.5 15763 0.10871
14 13.5 39 0.000268966
15 14.5 0 0
16 15.5 0 0
17 16.5 0 0
18 17.5 0 0
19 18.5 686 0.00473103
20 19.5 17824 0.122924
21 20.5 5697 0.0392897
22 21.5 10615 0.0732069
23 22.5 4310 0.0297241
24 23.5 9439 0.0650966
25 24.5 6597 0.0454966
26 25.5 6724 0.0463724
27 26.5 10092 0.0696
28 27.5 16 0.000110345
29 28.5 0 0
30 29.5 0 0
16000000 30 145000 0 4.92045 27.2559
1 0.5 0 0
2 1.5 0 0
3 2.5 0 0
4 3.5 0 0
5 4.5 13 8.96552e-05
6 5.5 6475 0.0446552
7 6.5 15823 0.109124
8 7.5 9019 0.0622
9 8.5 9221 0.0635931
10 9.5 5162 0.0356
11 10.5 8246 0.056869
12 11.5 4063 0.0280207
13 12.5 14674 0.1012
14 13.5 304 0.00209655
15 14.5 0 0
16 15.5 0 0
17 16.5 0 0
18 17.5 0 0
19 18.5 707 0.00487586
20 19.5 16323 0.112572
21 20.5 6442 0.0444276
22 21.5 10415 0.0718276
23 22.5 4387 0.0302552
24 23.5 9102 0.0627724
25 24.5 7381 0.0509034
26 25.5 5414 0.0373379
27 26.5 11763 0.0811241
28 27.5 66 0.000455172
29 28.5 0 0
30 29.5 0 0
16500000 30 145000 0 4.91696 27.394
1 0.5 0 0
2 1.5 0 0
3 2.5 0 0
4 3.5 0 0
5 4.5 8 5.51724e-05
6 5.5 6262 0.0431862
7 6.5 15575 0.107414
8 7.5 8538 0.0588828
9 8.5 9364 0.0645793
10 9.5 5055 0.0348621
11 10.5 8406 0.0579724
12 11.5 5409 0.0373034
13 12.5 13243 0.091331
14 13.5 1140 0.00786207
15 14.5 0 0
16 15.5 0 0
17 16.5 0 0
18 17.5 0 0
19 18.5 334 0.00230345
20 19.5 13782 0.0950483
21 20.5 7739 0.0533724
22 21.5 11266 0.0776966
23 22.5 4710 0.0324828
24 23.5 7547 0.0520483
25 24.5 8777 0.060531
26 25.5 5370 0.0370345
27 26.5 11913 0.0821586
28 27.5 562 0.00387586
29 28.5 0 0
30 29.5 0 0
17000000 30 145000 0 5.01029 27.4889
1 0.5 0 0
2 1.5 0 0
3 2.5 0 0
4 3.5 0 0
5 4.5 0 0
6 5.5 5063 0.0349172
7 6.5 16112 0.111117
8 7.5 8499 0.0586138
9 8.5 9046 0.0623862
10 9.5 5803 0.0400207
11 10.5 7716 0.0532138
12 11.5 5805 0.0400345
13 12.5 12120 0.0835862
14 13.5 2836 0.0195586
15 14.5 0 0
16 15.5 0 0
17 16.5 0 0
18 17.5 0 0
19 18.5 68 0.000468966
20 19.5 12249 0.0844759
21 20.5 8972 0.0618759
22 21.5 10057 0.0693586
23 22.5 7273 0.0501586
24 23.5 5939 0.0409586
25 24.5 8868 0.0611586
26 25.5 6172 0.0425655
27 26.5 11584 0.0798897
28 27.5 818 0.00564138
29 28.5 0 0
30 29.5 0 0
17500000 30 145000 0 5.11771 27.5971
1 0.5 0 0
2 1.5 0 0
3 2.5 0 0
4 3.5 0 0
5 4.5 0 0
6 5.5 3936 0.0271448
7 6.5 15878 0.109503
8 7.5 8410 0.058
9 8.5 9270 0.063931
10 9.5 6582 0.0453931
11 10.5 7421 0.0511793
12 11.5 5742 0.0396
13 12.5 10192 0.0702897
14 13.5 5569 0.0384069
15 14.5 0 0
16 15.5 0 0
17 16.5 0 0
18 17.5 0 0
19 18.5 11 7.58621e-05
20 19.5 8855 0.061069
21 20.5 12172 0.0839448
22 21.5 9023 0.0622276
23 22.5 7206 0.0496966
24 23.5 5980 0.0412414
25 24.5 9557 0.0659103
26 25.5 5103 0.0351931
27 26.5 12088 0.0833655
28 27.5 2005 0.0138276
29 28.5 0 0
30 29.5 0 0
18000000 30 145000 0 5.19645 27.663
1 0.5 0 0
2 1.5 0 0
3 2.5 0 0
4 3.5 0 0
5 4.5 0 0
6 5.5 2619 0.0180621
7 6.5 15175 0.104655
8 7.5 9371 0.0646276
9 8.5 8320 0.0573793
10 9.5 7859 0.0542
11 10.5 5900 0.0406897
12 11.5 7363 0.0507793
13 12.5 8001 0.0551793
14 13.5 8392 0.0578759
15 14.5 0 0
16 15.5 0 0
17 16.5 0 0
18 17.5 0 0
19 18.5 2 1.37931e-05
20 19.5 7629 0.0526138
21 20.5 13002 0.089669
22 21.5 8269 0.0570276
23 22.5 7546 0.0520414
24 23.5 6087 0.0419793
25 24.5 9338 0.0644
26 25.5 5756 0.0396966
27 26.5 10882 0.0750483
28 27.5 3489 0.0240621
29 28.5 0 0
30 29.5 0 0
18500000 30 145000 0 5.47878 27.6743
1 0.5 0 0
2 1.5 0 0
3 2.5 0 0
4 3.5 0 0
5 4.5 0 0
6 5.5 1598 0.0110207
7 6.5 12953 0.089331
8 7.5 11419 0.0787517
9 8.5 9417 0.0649448
10 9.5 7613 0.0525034
11 10.5 6685 0.0461034
12 11.5 5631 0.0388345
13 12.5 7921 0.0546276
14 13.5 9763 0.067331
15 14.5 0 0
16 15.5 0 0
17 16.5 0 0
18 17.5 0 0
19 18.5 0 0
20 19.5 6369 0.0439241
21 20.5 14161 0.0976621
22 21.5 8134 0.0560966
23 22.5 7930 0.0546897
24 23.5 5924 0.0408552
25 24.5 9513 0.0656069
26 25.5 5110 0.0352414
27 26.5 10667 0.0735655
28 27.5 4192 0.0289103
29 28.5 0 0
30 29.5 0 0
19000000 30 145000 0 0.173117 27.7918
1 0.5 13 8.96552e-05
2 1.5 0 0
3 2.5 0 0
4 3.5 0 0
5 4.5 0 0
6 5.5 969 0.00668276
7 6.5 11727 0.0808759
8 7.5 12590 0.0868276
9 8.5 9487 0.0654276
10 9.5 8538 0.0588828
11 10.5 4484 0.0309241
12 11.5 7444 0.0513379
13 12.5 5663 0.0390552
14 13.5 12098 0.0834345
15 14.5 0 0
16 15.5 0 0
17 16.5 0 0
18 17.5 0 0
19 18.5 0 0
20 19.5 3533 0.0243655
21 20.5 16199 0.111717
22 21.5 7103 0.0489862
23 22.5 9279 0.0639931
24 23.5 5931 0.0409034
25 24.5 9499 0.0655103
26 25.5 5044 0.0347862
27 26.5 8834 0.0609241
28 27.5 6565 0.0452759
29 28.5 0 0
30 29.5 0 0
19500000 30 145000 0 0.0760817 27.8088
1 0.5 175 0.0012069
2 1.5 0 0
3 2.5 0 0
4 3.5 0 0
5 4.5 0 0
6 5.5 722 0.00497931
7 6.5 10401 0.071731
8 7.5 12730 0.0877931
9 8.5 9656 0.0665931
10 9.5 9178 0.0632966
11 10.5 4384 0.0302345
12 11.5 7972 0.0549793
13 12.5 4850 0.0334483
14 13.5 13102 0.0903586
15 14.5 5 3.44828e-05
16 15.5 0 0
17 16.5 0 0
18 17.5 0 0
19 18.5 0 0
20 19.5 1611 0.0111103
21 20.5 16761 0.115593
22 21.5 7059 0.0486828
23 22.5 9327 0.0643241
24 23.5 5962 0.0411172
25 24.5 9644 0.0665103
26 25.5 5410 0.0373103
27 26.5 7210 0.0497241
28 27.5 8841 0.0609724
29 28.5 0 0
30 29.5 0 0
20000000 30 145000 0 0.039778 27.8672
1 0.5 620 0.00427586
2 1.5 0 0
3 2.5 0 0
4 3.5 0 0
5 4.5 0 0
6 5.5 165 0.00113793
7 6.5 8607 0.0593586
8 7.5 14669 0.101166
9 8.5 9152 0.0631172
10 9.5 8888 0.0612966
11 10.5 5007 0.034531
12 11.5 7731 0.0533172
13 12.5 3961 0.0273172
14 13.5 14796 0.102041
15 14.5 24 0.000165517
16 15.5 0 0
17 16.5 0 0
18 17.5 0 0
19 18.5 0 0
20 19.5 1233 0.00850345
21 20.5 16466 0.113559
22 21.5 5875 0.0405172
23 22.5 11053 0.0762276
24 23.5 5221 0.0360069
25 24.5 9481 0.0653862
26 25.5 5938 0.0409517
27 26.5 6703 0.0462276
28 27.5 9410 0.0648966
29 28.5 0 0
30 29.5 0 0
20500000 30 145000 0 0.0956184 27.9222
1 0.5 1629 0.0112345
2 1.5 0 0
3 2.5 0 0
4 3.5 0 0
5 4.5 0 0
6 5.5 3 2.06897e-05
7 6.5 7761 0.0535241
8 7.5 13866 0.0956276
9 8.5 10299 0.0710276
10 9.5 9194 0.0634069
11 10.5 4915 0.0338966
12 11.5 8195 0.0565172
13 12.5 2980 0.0205517
14 13.5 15541 0.107179
15 14.5 246 0.00169655
16 15.5 0 0
17 16.5 0 0
18 17.5 0 0
19 18.5 0 0
20 19.5 669 0.00461379
21 20.5 16827 0.116048
22 21.5 5909 0.0407517
23 22.5 10929 0.0753724
24 23.5 5204 0.0358897
25 24.5 7775 0.0536207
26 25.5 7606 0.0524552
27 26.5 5647 0.0389448
28 27.5 9805 0.0676207
29 28.5 0 0
30 29.5 0 0
21000000 30 145000 0 0.114377 27.8983
1 0.5 3140 0.0216552
2 1.5 0 0
3 2.5 0 0
4 3.5 0 0
5 4.5 0 0
6 5.5 0 0
7 6.5 5805 0.0400345
8 7.5 14893 0.10271
9 8.5 10092 0.0696
10 9.5 9105 0.0627931
11 10.5 5598 0.0386069
12 11.5 8137 0.0561172
13 12.5 3100 0.0213793
14 13.5 14618 0.100814
15 14.5 1652 0.0113931
16 15.5 0 0
17 16.5 0 0
18 17.5 0 0
19 18.5 0 0
20 19.5 222 0.00153103
21 20.5 14911 0.102834
22 21.5 7722 0.0532552
23 22.5 10302 0.0710483
24 23.5 5837 0.0402552
25 24.5 6207 0.0428069
26 25.5 8901 0.0613862
27 26.5 5325 0.0367241
28 27.5 9433 0.0650552
29 28.5 0 0
30 29.5 0 0
